FLMT09758_1:101		
180.403	-36.33	
180.624	-36.33	
180.845	-36.33	
181.066	-43.98	
181.287	8.07	
181.509	-12.22	
181.73	-2.65	
181.951	-13.36	
182.172	-10.3	
182.393	-24.46	
182.614	11.51	
182.835	4.62	
183.056	17.26	
183.277	1.95	
183.498	6.92	
183.719	21.47	
183.94	-0.73	
184.161	-5.71	
184.382	-5.33	
184.603	13.81	
184.824	28.35	
185.045	23.38	
185.266	28.74	
185.487	7.3	
185.708	9.22	
185.929	-8.77	
186.15	28.74	
186.37	23.38	
186.591	20.7	
186.812	11.51	
187.033	-17.96	
187.254	18.79	
187.475	24.14	
187.695	-1.12	
187.916	4.24	
188.137	24.14	
188.358	-0.73	
188.578	31.8	
188.799	-12.6	
189.02	11.13	
189.24	26.06	
189.461	3.86	
189.682	-1.12	
189.902	-23.32	
190.123	27.97	
190.344	12.66	
190.564	38.69	
190.785	12.28	
191.006	-17.57	
191.226	-7.24	
191.447	34.86	
191.667	33.33	
191.888	-0.73	
192.108	7.3	
192.329	-9.54	
192.549	11.51	
192.77	-19.11	
192.99	-16.04	
193.211	21.85	
193.431	-26.76	
193.652	16.11	
193.872	3.48	
194.092	1.95	
194.313	19.55	
194.533	-3.03	
194.754	22.61	
194.974	-12.6	
195.194	-2.26	
195.415	-6.86	
195.635	44.05	
195.855	4.24	
196.076	29.12	
196.296	18.02	
196.516	37.16	
196.736	-10.3	
196.957	-22.17	
197.177	0.8	
197.397	39.07	
197.617	13.43	
197.838	0.41	
198.058	55.53	
198.278	-22.93	
198.498	41.37	
198.718	9.22	
198.938	7.3	
199.158	25.68	
199.379	11.9	
199.599	60.51	
199.819	36.01	
200.039	19.93	
200.259	17.26	
200.479	43.66	
200.699	27.97	
200.919	-9.92	
201.139	36.01	
201.359	42.13	
201.579	55.53	
201.799	-18.72	
202.019	41.75	
202.239	-10.3	
202.459	32.56	
202.679	3.48	
202.899	6.54	
203.118	-1.12	
203.338	30.27	
203.558	-2.65	
203.778	1.18	
203.998	27.97	
204.218	36.39	
204.438	18.79	
204.657	24.14	
204.877	46.34	
205.097	12.66	
205.317	39.84	
205.536	21.08	
205.756	21.85	
205.976	30.65	
206.196	2.71	
206.415	-4.18	
206.635	-4.18	
206.855	32.56	
207.074	39.84	
207.294	54.38	
207.514	37.54	
207.733	26.06	
207.953	21.47	
208.172	52.85	
208.392	-19.87	
208.612	45.2	
208.831	-9.15	
209.051	28.35	
209.27	17.64	
209.49	-4.56	
209.709	35.24	
209.929	15.34	
210.148	-15.66	
210.368	1.56	
210.587	24.53	
210.807	16.11	
211.026	-2.26	
211.245	-3.03	
211.465	18.79	
211.684	15.34	
211.904	-3.41	
212.123	15.72	
212.342	-10.3	
212.562	32.95	
212.781	12.28	
213	23.76	
213.22	-9.92	
213.439	26.82	
213.658	-6.09	
213.877	21.47	
214.097	24.53	
214.316	26.06	
214.535	25.29	
214.754	39.07	
214.973	34.86	
215.193	29.12	
215.412	29.89	
215.631	22.61	
215.85	12.28	
216.069	27.59	
216.288	-1.12	
216.507	4.62	
216.727	63.95	
216.946	-3.8	
217.165	-24.85	
217.384	14.96	
217.603	16.49	
217.822	18.02	
218.041	2.33	
218.26	62.8	
218.479	7.69	
218.698	12.28	
218.917	16.11	
219.136	21.47	
219.355	24.53	
219.574	9.98	
219.792	31.03	
220.011	15.34	
220.23	-10.68	
220.449	14.58	
220.668	19.17	
220.887	-5.33	
221.106	3.86	
221.324	42.13	
221.543	2.71	
221.762	17.26	
221.981	-4.18	
222.2	9.98	
222.418	-2.65	
222.637	15.34	
222.856	19.55	
223.075	17.26	
223.293	13.43	
223.512	25.29	
223.731	36.01	
223.949	4.62	
224.168	16.11	
224.387	30.65	
224.605	27.21	
224.824	27.59	
225.042	-10.68	
225.261	44.81	
225.48	22.23	
225.698	26.82	
225.917	27.59	
226.135	-5.33	
226.354	15.72	
226.572	-8.77	
226.791	-7.24	
227.009	-12.6	
227.228	-35.18	
227.446	32.56	
227.665	37.16	
227.883	15.34	
228.101	-3.41	
228.32	21.08	
228.538	-20.25	
228.757	59.36	
228.975	17.64	
229.193	41.37	
229.412	42.52	
229.63	-7.62	
229.848	17.64	
230.067	37.54	
230.285	16.87	
230.503	39.07	
230.721	17.26	
230.94	43.66	
231.158	31.03	
231.376	33.33	
231.594	35.63	
231.813	19.17	
232.031	44.05	
232.249	43.66	
232.467	23	
232.685	62.04	
232.903	38.31	
233.121	7.69	
233.34	-6.47	
233.558	26.06	
233.776	29.5	
233.994	14.19	
234.212	-17.57	
234.43	47.49	
234.648	20.7	
234.866	36.39	
235.084	16.87	
235.302	39.07	
235.52	13.43	
235.738	8.45	
235.956	14.96	
236.174	2.33	
236.392	31.03	
236.61	53.23	
236.827	29.12	
237.045	-5.71	
237.263	7.69	
237.481	45.58	
237.699	-15.28	
237.917	27.59	
238.135	20.32	
238.352	26.82	
238.57	1.18	
238.788	41.37	
239.006	35.24	
239.223	39.45	
239.441	25.68	
239.659	56.29	
239.877	20.7	
240.094	42.13	
240.312	2.33	
240.53	44.43	
240.747	2.71	
240.965	26.44	
241.183	14.19	
241.4	32.95	
241.618	16.11	
241.835	13.81	
242.053	21.85	
242.271	57.83	
242.488	42.52	
242.706	30.65	
242.923	41.37	
243.141	13.05	
243.358	-7.24	
243.576	3.48	
243.793	26.06	
244.011	66.63	
244.228	31.8	
244.446	17.26	
244.663	-4.94	
244.88	40.22	
245.098	5.01	
245.315	-10.68	
245.533	35.63	
245.75	31.8	
245.967	61.65	
246.185	23.38	
246.402	31.03	
246.619	-4.94	
246.837	1.18	
247.054	14.96	
247.271	9.6	
247.488	26.44	
247.706	-7.24	
247.923	19.55	
248.14	1.18	
248.357	-1.12	
248.574	42.9	
248.792	40.99	
249.009	-0.73	
249.226	11.9	
249.443	22.61	
249.66	-1.5	
249.877	9.22	
250.094	3.48	
250.311	-3.03	
250.529	31.42	
250.746	44.05	
250.963	35.24	
251.18	35.24	
251.397	35.24	
251.614	45.96	
251.831	44.43	
252.048	-0.73	
252.265	32.95	
252.482	15.34	
252.698	26.82	
252.915	37.54	
253.132	36.01	
253.349	1.95	
253.566	36.78	
253.783	-32.5	
254	37.92	
254.217	44.43	
254.434	6.16	
254.65	18.79	
254.867	8.45	
255.084	40.6	
255.301	38.31	
255.517	4.62	
255.734	42.9	
255.951	20.7	
256.168	50.17	
256.384	18.4	
256.601	28.35	
256.818	39.84	
257.034	28.35	
257.251	22.23	
257.468	39.84	
257.684	9.98	
257.901	35.24	
258.118	43.28	
258.334	7.69	
258.551	50.17	
258.767	35.24	
258.984	27.59	
259.2	34.1	
259.417	36.01	
259.634	45.2	
259.85	62.8	
260.066	54.76	
260.283	13.05	
260.499	30.65	
260.716	41.37	
260.932	63.18	
261.149	50.55	
261.365	33.71	
261.582	37.92	
261.798	78.88	
262.014	38.31	
262.231	71.99	
262.447	66.63	
262.663	98.78	
262.88	99.93	
263.096	194.46	
263.312	295.13	
263.528	356.36	
263.745	555.77	
263.961	750.97	
264.177	994.4	
264.393	1354.17	
264.61	1770.98	
264.826	2248.64	
265.042	2783.33	
265.258	3367.4	
265.474	4006.19	
265.691	4419.55	
265.907	4961.13	
266.123	5303.31	
266.339	5644.71	
266.555	5931.77	
266.771	5818.48	
266.987	5796.66	
267.203	5505.39	
267.419	5090.5	
267.635	4729.57	
267.851	4321.95	
268.067	3797.22	
268.283	3155.36	
268.499	2715.97	
268.715	2188.17	
268.931	1795.47	
269.147	1433.02	
269.363	1105.77	
269.579	847.04	
269.795	608.59	
270.011	507.17	
270.226	396.55	
270.442	304.31	
270.658	212.07	
270.874	184.13	
271.09	152.75	
271.306	82.7	
271.521	107.2	
271.737	70.84	
271.953	44.43	
272.169	61.27	
272.384	26.06	
272.6	51.32	
272.816	63.18	
273.031	43.28	
273.247	16.87	
273.463	62.8	
273.678	47.11	
273.894	42.13	
274.11	0.8	
274.325	34.48	
274.541	27.59	
274.756	29.12	
274.972	32.56	
275.188	53.23	
275.403	48.64	
275.619	8.83	
275.834	46.73	
276.05	25.29	
276.265	33.33	
276.481	-13.75	
276.696	25.29	
276.912	35.24	
277.127	19.55	
277.342	44.43	
277.558	-17.96	
277.773	54	
277.989	23.76	
278.204	36.39	
278.419	44.43	
278.635	16.87	
278.85	33.71	
279.065	54	
279.281	20.7	
279.496	13.05	
279.711	35.63	
279.926	-0.35	
280.142	-24.85	
280.357	37.54	
280.572	8.83	
280.787	34.86	
281.003	-10.68	
281.218	-9.15	
281.433	39.84	
281.648	2.71	
281.863	17.26	
282.078	40.6	
282.293	51.7	
282.509	21.47	
282.724	25.29	
282.939	26.06	
283.154	-1.12	
283.369	31.42	
283.584	19.55	
283.799	37.92	
284.014	23.76	
284.229	10.75	
284.444	10.75	
284.659	31.8	
284.874	28.74	
285.089	17.26	
285.304	19.93	
285.519	36.01	
285.733	3.86	
285.948	-5.71	
286.163	31.03	
286.378	-24.08	
286.593	4.24	
286.808	16.87	
287.023	32.95	
287.237	14.96	
287.452	-12.98	
287.667	4.24	
287.882	18.79	
288.096	50.55	
288.311	27.97	
288.526	-12.98	
288.741	29.89	
288.955	2.71	
289.17	32.56	
289.385	47.11	
289.599	18.79	
289.814	-8.01	
290.029	31.03	
290.243	31.8	
290.458	22.61	
290.672	35.63	
290.887	7.3	
291.102	17.26	
291.316	12.28	
291.531	8.83	
291.745	-4.18	
291.96	29.89	
292.174	-27.53	
292.389	16.49	
292.603	20.7	
292.818	23.76	
293.032	19.93	
293.246	25.68	
293.461	-2.26	
293.675	-1.5	
293.89	33.33	
294.104	37.16	
294.318	13.05	
294.533	20.7	
294.747	29.12	
294.961	22.23	
295.176	-12.22	
295.39	9.22	
295.604	45.96	
295.819	0.8	
296.033	-2.65	
296.247	27.59	
296.461	19.93	
296.676	9.98	
296.89	21.85	
297.104	42.9	
297.318	13.81	
297.532	54.38	
297.746	24.14	
297.96	-24.85	
298.175	37.54	
298.389	46.73	
298.603	32.18	
298.817	5.77	
299.031	26.82	
299.245	-3.41	
299.459	-4.18	
299.673	43.66	
299.887	2.33	
300.101	54.38	
300.315	47.49	
300.529	-0.73	
300.743	11.13	
300.957	0.03	
301.171	23	
301.385	43.28	
301.599	-2.65	
301.813	36.01	
302.026	24.53	
302.24	31.03	
302.454	35.63	
302.668	26.44	
302.882	40.6	
303.096	24.91	
303.309	24.14	
303.523	28.74	
303.737	20.7	
303.951	7.3	
304.164	7.69	
304.378	-6.09	
304.592	36.39	
304.806	51.7	
305.019	2.33	
305.233	41.37	
305.447	10.37	
305.66	25.29	
305.874	6.16	
306.087	42.9	
306.301	-14.13	
306.515	53.62	
306.728	-0.35	
306.942	0.03	
307.155	36.39	
307.369	59.36	
307.582	7.3	
307.796	-1.5	
308.009	30.65	
308.223	26.44	
308.436	35.63	
308.65	39.84	
308.863	-0.35	
309.077	18.4	
309.29	-6.86	
309.503	18.02	
309.717	-19.87	
309.93	34.86	
310.144	24.53	
310.357	-6.86	
310.57	19.93	
310.784	17.26	
310.997	5.01	
311.21	27.59	
311.423	44.05	
311.637	4.24	
311.85	-8.01	
312.063	41.37	
312.276	-0.35	
312.49	-6.47	
312.703	3.48	
312.916	55.91	
313.129	28.74	
313.342	61.27	
313.555	-0.73	
313.768	-17.96	
313.982	23.76	
314.195	-2.26	
314.408	29.89	
314.621	-36.33	
314.834	11.13	
315.047	21.47	
315.26	44.05	
315.473	21.85	
315.686	23.38	
315.899	-9.15	
316.112	-1.5	
316.325	43.66	
316.538	17.26	
316.751	-11.83	
316.964	40.6	
317.177	-3.8	
317.39	16.49	
317.602	29.5	
317.815	24.53	
318.028	-25.61	
318.241	55.91	
318.454	22.23	
318.667	3.09	
318.879	13.81	
319.092	7.3	
319.305	-1.12	
319.518	9.6	
319.73	13.81	
319.943	-3.8	
320.156	43.66	
320.369	18.02	
320.581	-21.78	
320.794	8.83	
321.007	8.07	
321.219	-20.25	
321.432	-9.54	
321.644	-8.39	
321.857	23.38	
322.07	0.03	
322.282	23.38	
322.495	30.65	
322.707	2.33	
322.92	-15.66	
323.132	2.33	
323.345	18.79	
323.557	19.17	
323.77	-4.18	
323.982	16.49	
324.195	-5.71	
324.407	-7.24	
324.62	0.41	
324.832	27.21	
325.045	8.07	
325.257	7.3	
325.469	18.02	
325.682	20.7	
325.894	15.34	
326.106	55.91	
326.319	7.3	
326.531	24.53	
326.743	-4.18	
326.955	5.01	
327.168	34.1	
327.38	6.92	
327.592	1.56	
327.804	22.23	
328.017	4.24	
328.229	36.39	
328.441	-11.83	
328.653	12.28	
328.865	18.02	
329.077	15.34	
329.29	-4.56	
329.502	23	
329.714	8.45	
329.926	8.45	
330.138	1.56	
330.35	44.05	
330.562	-8.01	
330.774	21.08	
330.986	-14.9	
331.198	-6.09	
331.41	-1.12	
331.622	54.38	
331.834	29.5	
332.046	24.91	
332.258	-10.3	
332.47	34.1	
332.682	19.55	
332.894	23.38	
333.105	21.85	
333.317	34.86	
333.529	7.69	
333.741	-9.54	
333.953	26.06	
334.165	1.95	
334.376	24.53	
334.588	14.58	
334.8	0.8	
335.012	14.19	
335.223	-11.83	
335.435	6.54	
335.647	6.16	
335.859	18.79	
336.07	6.16	
336.282	5.77	
336.494	5.77	
336.705	26.06	
336.917	23.38	
337.128	-5.33	
337.34	32.18	
337.552	-10.68	
337.763	-9.92	
337.975	9.98	
338.186	24.14	
338.398	55.15	
338.609	21.08	
338.821	42.52	
339.032	22.61	
339.244	-16.04	
339.455	-8.01	
339.667	21.85	
339.878	49.41	
340.09	6.54	
340.301	-8.01	
340.512	3.09	
340.724	-24.08	
340.935	8.83	
341.146	-18.34	
341.358	35.24	
341.569	23	
341.78	20.32	
341.992	-18.34	
342.203	34.86	
342.414	44.43	
342.625	-14.51	
342.837	18.79	
343.048	47.49	
343.259	8.07	
343.47	41.37	
343.682	-13.36	
343.893	17.26	
344.104	4.62	
344.315	8.45	
344.526	38.69	
344.737	-1.5	
344.948	-10.68	
345.159	12.66	
345.37	-11.45	
345.582	12.28	
345.793	-5.33	
346.004	-9.54	
346.215	8.83	
346.426	30.27	
346.637	16.87	
346.848	18.79	
347.059	8.07	
347.27	39.84	
347.48	6.16	
347.691	44.43	
347.902	19.55	
348.113	33.33	
348.324	28.74	
348.535	9.98	
348.746	29.89	
348.957	45.58	
349.167	-15.28	
349.378	23	
349.589	-20.64	
349.8	2.33	
350.011	23	
350.221	45.2	
350.432	-1.88	
350.643	8.83	
350.853	40.99	
351.064	28.74	
351.275	5.01	
351.486	22.23	
351.696	-9.92	
351.907	37.54	
352.117	-1.88	
352.328	16.49	
352.539	53.23	
352.749	11.9	
352.96	21.85	
353.17	14.96	
353.381	28.74	
353.591	41.37	
353.802	-7.62	
354.012	12.28	
354.223	14.19	
354.433	12.28	
354.644	22.23	
354.854	3.86	
355.065	49.41	
355.275	0.41	
355.486	-3.41	
355.696	14.58	
355.906	42.13	
356.117	30.27	
356.327	10.37	
356.537	5.01	
356.748	36.39	
356.958	27.21	
357.168	1.95	
357.379	40.6	
357.589	54.38	
357.799	21.47	
358.009	42.9	
358.219	59.36	
358.43	-21.78	
358.64	30.27	
358.85	0.41	
359.06	16.11	
359.27	16.87	
359.481	9.6	
359.691	26.44	
359.901	46.34	
360.111	35.63	
360.321	72.37	
360.531	16.49	
360.741	11.51	
360.951	27.97	
361.161	31.03	
361.371	11.51	
361.581	28.35	
361.791	-6.86	
362.001	54	
362.211	19.55	
362.421	31.03	
362.631	-22.17	
362.841	20.32	
363.051	4.24	
363.261	27.97	
363.47	-1.5	
363.68	53.23	
363.89	37.16	
364.1	-9.92	
364.31	-0.35	
364.52	13.43	
364.729	3.09	
364.939	61.27	
365.149	43.66	
365.359	71.6	
365.568	12.28	
365.778	28.35	
365.988	17.64	
366.197	50.94	
366.407	47.87	
366.617	14.96	
366.826	33.33	
367.036	57.83	
367.246	14.96	
367.455	19.93	
367.665	33.71	
367.874	18.79	
368.084	28.74	
368.294	14.58	
368.503	17.64	
368.713	33.71	
368.922	49.79	
369.132	27.59	
369.341	32.18	
369.551	22.61	
369.76	63.18	
369.969	16.49	
370.179	19.17	
370.388	47.49	
370.598	34.86	
370.807	50.94	
371.016	43.28	
371.226	24.91	
371.435	30.65	
371.644	16.11	
371.854	25.29	
372.063	43.28	
372.272	9.6	
372.482	45.96	
372.691	12.66	
372.9	31.42	
373.109	28.74	
373.318	29.5	
373.528	38.31	
373.737	45.2	
373.946	9.98	
374.155	-14.9	
374.364	24.14	
374.573	34.1	
374.782	21.08	
374.992	51.7	
375.201	19.17	
375.41	38.69	
375.619	32.56	
375.828	44.43	
376.037	34.86	
376.246	28.74	
376.455	25.68	
376.664	13.43	
376.873	37.16	
377.082	42.13	
377.291	42.13	
377.5	37.16	
377.709	37.16	
377.917	37.54	
378.126	8.45	
378.335	30.27	
378.544	8.83	
378.753	45.58	
378.962	21.08	
379.17	63.18	
379.379	9.98	
379.588	49.02	
379.797	35.63	
380.006	45.2	
380.214	9.22	
380.423	2.33	
380.632	29.89	
380.84	17.64	
381.049	50.17	
381.258	49.02	
381.466	28.35	
381.675	29.5	
381.884	33.33	
382.092	45.2	
382.301	17.26	
382.51	85	
382.718	20.32	
382.927	33.71	
383.135	27.97	
383.344	25.68	
383.552	47.49	
383.761	30.65	
383.969	31.8	
384.178	33.33	
384.386	13.05	
384.595	53.62	
384.803	64.33	
385.011	54	
385.22	44.43	
385.428	75.05	
385.637	17.26	
385.845	32.18	
386.053	35.24	
386.262	49.02	
386.47	64.72	
386.678	49.79	
386.887	46.73	
387.095	21.08	
387.303	53.23	
387.511	89.21	
387.72	60.12	
387.928	50.55	
388.136	39.84	
388.344	54	
388.552	23.76	
388.76	42.52	
388.969	59.74	
389.177	37.92	
389.385	54.76	
389.593	82.32	
389.801	57.44	
390.009	94.19	
390.217	79.64	
390.425	88.83	
390.633	81.17	
390.841	103.75	
391.049	76.96	
391.257	71.99	
391.465	96.48	
391.673	75.81	
391.881	108.35	
392.089	183.37	
392.297	163.08	
392.505	176.48	
392.713	253.79	
392.921	322.3	
393.129	431	
393.336	554.63	
393.544	700.07	
393.752	903.69	
393.96	1090.08	
394.168	1403.55	
394.375	1673	
394.583	2100.9	
394.791	2560.96	
394.999	3146.94	
395.206	3647.56	
395.414	4313.92	
395.622	5080.93	
395.829	5656.19	
396.037	6631.8	
396.245	7363.61	
396.452	8367.15	
396.66	9304.87	
396.868	10259.05	
397.075	11457.03	
397.283	12778.26	
397.49	13776.45	
397.698	14277.46	
397.905	16474.78	
398.113	17638.7	
398.32	19030.35	
398.528	19553.17	
398.735	21185.57	
398.943	22055.92	
399.15	24195.07	
399.358	25198.23	
399.565	26150.88	
399.772	26334.6	
399.98	27869.01	
400.187	27864.8	
400.395	29368.59	
400.602	28946.81	
400.809	29943.47	
401.017	30226.32	
401.224	29960.31	
401.431	28781.85	
401.638	29408.78	
401.846	28018.66	
402.053	27302.55	
402.26	26085.05	
402.467	24525.37	
402.675	23881.22	
402.882	23483.55	
403.089	20544.47	
403.296	20099.73	
403.503	18275.58	
403.71	17551.05	
403.917	15442.14	
404.125	13793.67	
404.332	12620.57	
404.539	11576.45	
404.746	10327.18	
404.953	9049.97	
405.16	7844.71	
405.367	7257.2	
405.574	6360.06	
405.781	5407.41	
405.988	4740.29	
406.195	4151.25	
406.402	3575.22	
406.609	3066.18	
406.816	2547.56	
407.022	2163.67	
407.229	1783.23	
407.436	1494.64	
407.643	1238.2	
407.85	1021.19	
408.057	839.39	
408.264	700.83	
408.47	568.4	
408.677	467.74	
408.884	378.95	
409.091	349.86	
409.297	238.48	
409.504	257.62	
409.711	168.44	
409.918	161.93	
410.124	159.25	
410.331	150.07	
410.538	100.31	
410.744	98.4	
410.951	116.77	
411.157	111.79	
411.364	130.16	
411.571	102.61	
411.777	69.69	
411.984	80.02	
412.19	45.2	
412.397	113.71	
412.603	81.17	
412.81	80.41	
413.016	62.42	
413.223	86.91	
413.429	57.83	
413.636	72.37	
413.842	56.29	
414.048	78.49	
414.255	37.54	
414.461	82.7	
414.668	28.74	
414.874	71.99	
415.08	42.52	
415.287	68.54	
415.493	38.69	
415.699	56.68	
415.905	57.83	
416.112	53.23	
416.318	36.78	
416.524	47.87	
416.73	51.32	
416.937	43.28	
417.143	54	
417.349	76.58	
417.555	0.03	
417.761	63.18	
417.967	73.9	
418.174	62.04	
418.38	5.39	
418.586	45.96	
418.792	8.83	
418.998	58.59	
419.204	43.66	
419.41	46.73	
419.616	50.17	
419.822	46.73	
420.028	64.72	
420.234	44.81	
420.44	17.64	
420.646	40.6	
420.852	63.57	
421.058	50.55	
421.264	47.11	
421.469	63.18	
421.675	36.01	
421.881	75.05	
422.087	11.9	
422.293	78.11	
422.499	46.34	
422.705	26.82	
422.91	35.63	
423.116	68.54	
423.322	27.21	
423.528	64.72	
423.733	-12.22	
423.939	39.45	
424.145	57.44	
424.35	52.08	
424.556	89.98	
424.762	36.01	
424.967	40.6	
425.173	50.94	
425.379	63.18	
425.584	78.11	
425.79	50.94	
425.995	6.54	
426.201	23	
426.406	37.16	
426.612	9.22	
426.817	91.89	
427.023	39.45	
427.228	24.91	
427.434	1.18	
427.639	6.92	
427.845	71.6	
428.05	14.58	
428.256	76.2	
428.461	29.89	
428.666	1.95	
428.872	39.07	
429.077	42.9	
429.282	54.38	
429.488	5.39	
429.693	38.31	
429.898	16.49	
430.104	22.23	
430.309	36.01	
430.514	68.93	
430.719	48.26	
430.925	29.12	
431.13	21.08	
431.335	47.49	
431.54	37.54	
431.745	16.49	
431.95	66.25	
432.156	50.94	
432.361	32.95	
432.566	47.87	
432.771	36.39	
432.976	27.21	
433.181	-26.38	
433.386	60.89	
433.591	-3.03	
433.796	21.08	
434.001	48.26	
434.206	44.43	
434.411	77.73	
434.616	124.81	
434.821	162.31	
435.026	194.08	
435.231	156.96	
435.436	152.36	
435.641	128.25	
435.845	99.54	
436.05	133.99	
436.255	108.73	
436.46	33.33	
436.665	60.12	
436.87	68.54	
437.074	86.53	
437.279	45.96	
437.484	60.12	
437.689	56.68	
437.893	73.52	
438.098	57.83	
438.303	85.77	
438.507	11.9	
438.712	61.27	
438.917	26.82	
439.121	38.31	
439.326	39.84	
439.531	59.74	
439.735	6.92	
439.94	19.93	
440.144	15.34	
440.349	36.01	
440.553	28.35	
440.758	35.63	
440.962	47.87	
441.167	-7.24	
441.371	14.96	
441.576	50.94	
441.78	8.83	
441.985	34.48	
442.189	22.23	
442.394	40.6	
442.598	23.76	
442.802	8.45	
443.007	1.18	
443.211	-1.12	
443.415	32.95	
443.62	39.45	
443.824	19.93	
444.028	55.15	
444.232	8.45	
444.437	46.73	
444.641	26.06	
444.845	56.68	
445.049	11.51	
445.254	8.07	
445.458	15.72	
445.662	18.79	
445.866	19.17	
446.07	32.95	
446.274	47.49	
446.478	31.03	
446.683	20.32	
446.887	27.21	
447.091	20.7	
447.295	62.04	
447.499	18.02	
447.703	-12.6	
447.907	49.02	
448.111	24.53	
448.315	17.26	
448.519	42.13	
448.723	5.01	
448.927	-4.56	
449.13	20.7	
449.334	36.78	
449.538	2.33	
449.742	58.59	
449.946	31.03	
450.15	38.69	
450.354	18.79	
450.557	18.02	
450.761	31.03	
450.965	11.9	
451.169	50.94	
451.373	17.26	
451.576	1.95	
451.78	-1.88	
451.984	56.68	
452.187	8.83	
452.391	66.63	
452.595	8.07	
452.798	14.58	
453.002	24.53	
453.206	38.69	
453.409	18.79	
453.613	-25.23	
453.816	39.45	
454.02	60.51	
454.224	35.63	
454.427	33.33	
454.631	19.55	
454.834	23.76	
455.038	37.54	
455.241	25.29	
455.445	31.42	
455.648	-6.86	
455.851	34.48	
456.055	29.89	
456.258	9.22	
456.462	28.74	
456.665	53.62	
456.868	22.61	
457.072	21.08	
457.275	60.12	
457.478	3.86	
457.682	-2.26	
457.885	24.14	
458.088	11.51	
458.291	25.29	
458.495	18.02	
458.698	81.56	
458.901	9.22	
459.104	24.14	
459.307	16.49	
459.511	8.83	
459.714	6.54	
459.917	68.93	
460.12	18.4	
460.323	22.23	
460.526	49.02	
460.729	23.76	
460.932	-1.88	
461.135	54.38	
461.338	40.22	
461.541	20.7	
461.744	15.72	
461.947	28.74	
462.15	31.03	
462.353	26.06	
462.556	9.22	
462.759	32.95	
462.962	12.28	
463.165	16.49	
463.368	50.55	
463.571	14.58	
463.774	26.82	
463.976	30.27	
464.179	7.69	
464.382	55.53	
464.585	14.19	
464.788	60.89	
464.99	13.81	
465.193	7.69	
465.396	20.32	
465.599	32.18	
465.801	44.05	
466.004	50.94	
466.207	16.49	
466.409	33.71	
466.612	29.5	
466.815	20.32	
467.017	18.02	
467.22	44.81	
467.422	42.13	
467.625	38.69	
467.827	47.49	
468.03	-14.51	
468.233	28.74	
468.435	66.25	
468.638	17.64	
468.84	24.91	
469.042	65.86	
469.245	18.02	
469.447	29.5	
469.65	19.55	
469.852	35.24	
470.055	58.97	
470.257	15.72	
470.459	9.98	
470.662	18.79	
470.864	11.9	
471.066	26.06	
471.269	13.05	
471.471	6.54	
471.673	16.87	
471.875	47.87	
472.078	6.16	
472.28	40.99	
472.482	44.43	
472.684	59.74	
472.886	54.76	
473.089	16.11	
473.291	52.85	
473.493	19.55	
473.695	26.44	
473.897	36.78	
474.099	37.16	
474.301	0.41	
474.503	24.14	
474.705	37.54	
474.907	7.69	
475.109	9.6	
475.311	-17.57	
475.513	9.98	
475.715	8.83	
475.917	26.82	
476.119	17.64	
476.321	32.56	
476.523	53.23	
476.725	17.26	
476.927	50.17	
477.129	29.89	
477.331	-6.86	
477.533	27.59	
477.734	16.11	
477.936	16.11	
478.138	44.81	
478.34	-8.39	
478.541	24.53	
478.743	19.93	
478.945	19.55	
479.147	63.95	
479.348	21.85	
479.55	0.03	
479.752	45.2	
479.953	26.82	
480.155	39.84	
480.357	-6.09	
480.558	49.79	
480.76	60.51	
480.961	26.44	
481.163	38.69	
481.365	32.95	
481.566	40.22	
481.768	14.96	
481.969	40.99	
482.171	32.18	
482.372	29.89	
482.574	17.26	
482.775	49.79	
482.976	68.93	
483.178	41.75	
483.379	57.06	
483.581	43.28	
483.782	53.23	
483.983	36.39	
484.185	97.63	
484.386	52.47	
484.587	60.51	
484.789	55.15	
484.99	53.62	
485.191	74.28	
485.392	33.33	
485.594	84.62	
485.795	56.68	
485.996	78.11	
486.197	63.57	
486.399	113.71	
486.6	85.38	
486.801	84.62	
487.002	109.5	
487.203	101.84	
487.404	82.7	
487.605	85.77	
487.806	78.49	
488.007	61.65	
488.208	98.78	
488.409	93.42	
488.611	70.46	
488.812	60.51	
489.012	129.02	
489.213	94.57	
489.414	103.75	
489.615	71.99	
489.816	84.62	
490.017	69.31	
490.218	36.78	
490.419	98.4	
490.62	16.49	
490.821	57.06	
491.021	63.18	
491.222	74.67	
491.423	107.58	
491.624	55.53	
491.825	60.89	
492.025	36.01	
492.226	60.89	
492.427	31.03	
492.628	56.68	
492.828	45.58	
493.029	21.08	
493.23	63.57	
493.43	80.79	
493.631	40.22	
493.832	60.12	
494.032	66.25	
494.233	28.35	
494.433	50.55	
494.634	42.13	
494.834	30.65	
495.035	40.6	
495.235	57.83	
495.436	52.85	
495.636	59.74	
495.837	87.3	
496.037	49.02	
496.238	64.33	
496.438	57.83	
496.639	27.59	
496.839	65.86	
497.039	34.48	
497.24	24.53	
497.44	39.07	
497.64	-3.03	
497.841	19.17	
498.041	32.18	
498.241	37.16	
498.442	45.2	
498.642	44.05	
498.842	40.22	
499.042	39.45	
499.243	35.24	
499.443	52.08	
499.643	24.14	
499.843	7.69	
500.043	33.71	
500.243	51.7	
500.444	26.82	
500.644	39.84	
500.844	1.18	
501.044	23	
501.244	12.28	
501.444	16.49	
501.644	8.45	
501.844	58.21	
502.044	37.54	
502.244	44.43	
502.444	7.69	
502.644	8.07	
502.844	16.11	
503.044	8.07	
503.244	29.12	
503.444	5.01	
503.643	31.03	
503.843	18.02	
504.043	-2.26	
504.243	37.54	
504.443	17.64	
504.643	39.07	
504.842	41.37	
505.042	39.84	
505.242	14.58	
505.442	15.34	
505.641	1.56	
505.841	-15.28	
506.041	6.92	
506.241	18.4	
506.44	-11.07	
506.64	41.37	
506.839	2.33	
507.039	28.74	
507.239	4.62	
507.438	-1.88	
507.638	37.16	
507.837	27.21	
508.037	36.01	
508.237	42.52	
508.436	50.17	
508.636	36.39	
508.835	0.41	
509.034	30.65	
509.234	-13.75	
509.433	-3.03	
509.633	-41.3	
509.832	12.28	
510.032	-13.75	
510.231	32.95	
510.43	11.51	
510.63	-20.64	
510.829	37.16	
511.028	7.69	
511.228	5.39	
511.427	6.92	
511.626	11.51	
511.825	24.14	
512.025	47.49	
512.224	20.32	
512.423	1.18	
512.622	-19.87	
512.822	-17.57	
513.021	25.68	
513.22	-6.09	
513.419	32.56	
513.618	-13.36	
513.817	-7.24	
514.016	4.62	
514.215	11.51	
514.414	31.42	
514.613	26.06	
514.813	14.58	
515.012	12.28	
515.211	20.32	
515.409	2.33	
515.608	-8.39	
515.807	23.38	
516.006	12.28	
516.205	47.87	
516.404	21.47	
516.603	5.01	
516.802	36.01	
517.001	25.29	
517.2	40.22	
517.398	19.17	
517.597	8.45	
517.796	57.06	
517.995	30.65	
518.194	-2.65	
518.392	11.9	
518.591	5.01	
518.79	11.9	
518.989	4.62	
519.187	-3.03	
519.386	15.34	
519.585	9.6	
519.783	17.64	
519.982	9.22	
520.18	-15.28	
520.379	2.33	
520.578	21.08	
520.776	-8.01	
520.975	3.48	
521.173	24.14	
521.372	27.59	
521.57	-12.98	
521.769	7.69	
521.967	10.75	
522.166	-2.26	
522.364	10.75	
522.563	-24.85	
522.761	16.87	
522.96	2.71	
523.158	-3.8	
523.356	-8.01	
523.555	5.77	
523.753	25.68	
523.951	-1.12	
524.15	61.27	
524.348	3.09	
524.546	-7.24	
524.744	13.05	
524.943	11.13	
525.141	-9.54	
525.339	14.19	
525.537	32.18	
525.736	49.41	
525.934	21.08	
526.132	28.74	
526.33	-8.39	
526.528	16.11	
526.726	13.05	
526.924	-11.07	
527.122	-5.33	
527.32	26.44	
527.518	18.02	
527.717	41.75	
527.915	-8.39	
528.113	7.3	
528.311	-27.53	
528.509	1.95	
528.706	23.38	
528.904	30.65	
529.102	-19.87	
529.3	7.3	
529.498	28.35	
529.696	18.79	
529.894	37.16	
530.092	1.56	
530.29	19.93	
530.487	2.71	
530.685	12.66	
530.883	-17.19	
531.081	23.38	
531.278	41.75	
531.476	-10.68	
531.674	14.19	
531.872	3.86	
532.069	27.21	
532.267	33.33	
532.465	3.86	
532.662	33.33	
532.86	23.38	
533.058	19.93	
533.255	16.11	
533.453	-3.41	
533.65	0.8	
533.848	-6.09	
534.045	-8.01	
534.243	9.98	
534.441	2.33	
534.638	4.24	
534.835	50.55	
535.033	22.61	
535.23	8.07	
535.428	24.53	
535.625	50.55	
535.823	-1.88	
536.02	39.84	
536.217	36.39	
536.415	55.53	
536.612	27.59	
536.809	42.13	
537.007	30.65	
537.204	40.6	
537.401	61.27	
537.599	22.61	
537.796	50.55	
537.993	68.93	
538.19	24.53	
538.387	36.01	
538.585	71.22	
538.782	71.99	
538.979	71.99	
539.176	88.83	
539.373	66.25	
539.57	112.56	
539.767	117.15	
539.965	116	
540.162	135.52	
540.359	166.14	
540.556	184.9	
540.753	241.92	
540.95	267.19	
541.147	268.33	
541.344	273.69	
541.541	274.84	
541.738	290.92	
541.934	287.47	
542.131	293.21	
542.328	333.78	
542.525	337.99	
542.722	300.1	
542.919	315.41	
543.116	289.38	
543.312	300.1	
543.509	324.6	
543.706	304.31	
543.903	318.47	
544.1	293.98	
544.296	336.08	
544.493	285.56	
544.69	305.46	
544.886	287.09	
545.083	368.23	
545.28	400.38	
545.476	382.77	
545.673	384.69	
545.87	362.87	
546.066	334.17	
546.263	307.76	
546.459	293.21	
546.656	256.47	
546.852	250.35	
547.049	238.86	
547.245	218.96	
547.442	234.65	
547.638	198.29	
547.835	215.13	
548.031	175.71	
548.228	203.65	
548.424	163.08	
548.621	172.65	
548.817	148.54	
549.013	169.97	
549.21	101.08	
549.406	123.27	
549.602	129.4	
549.799	123.27	
549.995	122.89	
550.191	101.84	
550.387	97.63	
550.584	88.45	
550.78	98.01	
550.976	97.63	
551.172	93.42	
551.368	122.51	
551.565	71.22	
551.761	91.51	
551.957	94.95	
552.153	62.8	
552.349	79.64	
552.545	94.19	
552.741	16.11	
552.937	86.53	
553.133	49.02	
553.329	71.99	
553.525	48.64	
553.721	42.13	
553.917	59.74	
554.113	38.31	
554.309	18.79	
554.505	50.55	
554.701	42.52	
554.897	38.31	
555.093	34.48	
555.289	65.1	
555.485	26.44	
555.68	26.06	
555.876	16.49	
556.072	34.1	
556.268	6.92	
556.464	23.76	
556.659	9.6	
556.855	12.28	
557.051	6.16	
557.247	-0.73	
557.442	-3.8	
557.638	29.12	
557.834	53.23	
558.029	9.22	
558.225	-12.98	
558.42	17.26	
558.616	27.21	
558.812	45.2	
559.007	-14.13	
559.203	4.24	
559.398	29.89	
559.594	8.07	
559.789	21.08	
559.985	6.16	
560.18	-12.6	
560.376	46.73	
560.571	12.28	
560.767	16.49	
560.962	18.4	
561.157	-6.09	
561.353	3.86	
561.548	2.71	
561.744	-23.7	
561.939	5.39	
562.134	32.56	
562.33	-6.09	
562.525	-18.34	
562.72	3.86	
562.915	26.44	
563.111	15.34	
563.306	16.11	
563.501	24.53	
563.696	-13.75	
563.891	4.62	
564.087	6.92	
564.282	38.31	
564.477	2.33	
564.672	-0.35	
564.867	-26.76	
565.062	-12.22	
565.257	22.23	
565.452	39.84	
565.647	5.01	
565.842	34.1	
566.037	36.01	
566.232	-14.51	
566.427	22.23	
566.622	-14.51	
566.817	16.11	
567.012	31.03	
567.207	0.41	
567.402	-5.33	
567.597	-20.64	
567.792	6.54	
567.987	1.56	
568.181	-18.34	
568.376	-11.45	
568.571	47.49	
568.766	-2.26	
568.961	-33.27	
569.155	11.51	
569.35	-0.73	
569.545	6.54	
569.739	6.16	
569.934	-8.01	
570.129	-13.36	
570.323	8.45	
570.518	13.43	
570.713	29.5	
570.907	1.56	
571.102	-3.8	
571.297	-1.12	
571.491	4.24	
571.686	-5.33	
571.88	-2.65	
572.075	-16.81	
572.269	-11.45	
572.464	21.47	
572.658	10.37	
572.853	8.45	
573.047	-1.5	
573.242	11.9	
573.436	3.09	
573.63	-18.34	
573.825	47.49	
574.019	21.47	
574.213	-18.72	
574.408	18.4	
574.602	12.28	
574.796	20.7	
574.991	47.49	
575.185	14.58	
575.379	-8.77	
575.573	22.23	
575.768	19.55	
575.962	24.53	
576.156	9.98	
576.35	-6.47	
576.544	39.07	
576.738	22.61	
576.933	30.27	
577.127	29.89	
577.321	20.7	
577.515	23	
577.709	15.34	
577.903	20.7	
578.097	42.52	
578.291	71.99	
578.485	-5.71	
578.679	45.2	
578.873	-3.8	
579.067	34.1	
579.261	70.46	
579.455	75.05	
579.649	50.94	
579.843	32.18	
580.036	40.22	
580.23	56.29	
580.424	78.88	
580.618	30.65	
580.812	28.35	
581.006	52.47	
581.199	18.4	
581.393	48.26	
581.587	48.64	
581.781	47.11	
581.974	44.43	
582.168	47.49	
582.362	45.58	
582.555	68.93	
582.749	68.54	
582.943	73.14	
583.136	78.11	
583.33	48.26	
583.523	49.02	
583.717	91.89	
583.911	71.22	
584.104	33.71	
584.298	67.01	
584.491	62.04	
584.685	36.01	
584.878	73.14	
585.072	32.56	
585.265	74.67	
585.458	56.68	
585.652	70.46	
585.845	24.53	
586.039	47.11	
586.232	49.79	
586.425	80.02	
586.619	45.2	
586.812	114.09	
587.005	34.86	
587.199	102.61	
587.392	32.18	
587.585	110.64	
587.778	73.9	
587.972	98.01	
588.165	60.51	
588.358	79.64	
588.551	81.56	
588.744	23.76	
588.937	46.73	
589.131	67.39	
589.324	44.81	
589.517	54.76	
589.71	88.45	
589.903	59.36	
590.096	74.67	
590.289	7.3	
590.482	25.29	
590.675	40.22	
590.868	21.85	
591.061	71.99	
591.254	-4.56	
591.447	20.7	
591.64	-0.73	
591.833	16.87	
592.026	13.43	
592.218	69.69	
592.411	27.97	
592.604	60.89	
592.797	51.7	
592.99	60.51	
593.183	52.08	
593.375	80.79	
593.568	34.86	
593.761	70.07	
593.954	56.29	
594.146	17.64	
594.339	49.02	
594.532	23.76	
594.724	20.32	
594.917	22.23	
595.11	15.34	
595.302	25.29	
595.495	37.92	
595.687	42.52	
595.88	20.7	
596.073	39.07	
596.265	24.91	
596.458	3.86	
596.65	36.39	
596.843	18.4	
597.035	52.47	
597.228	40.99	
597.42	8.07	
597.612	33.71	
597.805	26.44	
597.997	28.74	
598.19	-6.09	
598.382	41.75	
598.574	48.64	
598.767	45.58	
598.959	9.6	
599.151	22.23	
599.344	58.97	
599.536	55.53	
599.728	47.11	
599.92	2.71	
600.113	24.53	
600.305	44.05	
600.497	9.22	
600.689	37.54	
600.881	16.49	
601.073	33.33	
601.266	16.49	
601.458	-16.81	
601.65	5.01	
601.842	37.92	
602.034	6.16	
602.226	4.62	
602.418	16.11	
602.61	31.42	
602.802	9.98	
602.994	10.37	
603.186	16.87	
603.378	21.08	
603.57	11.9	
603.762	16.11	
603.954	-1.12	
604.146	16.49	
604.337	25.68	
604.529	26.06	
604.721	16.49	
604.913	42.13	
605.105	10.75	
605.297	17.26	
605.488	23.38	
605.68	35.63	
605.872	17.64	
606.064	23.76	
606.255	29.89	
606.447	34.86	
606.639	18.79	
606.83	4.62	
607.022	24.53	
607.214	37.92	
607.405	11.51	
607.597	-3.41	
607.788	19.93	
607.98	37.54	
608.171	29.12	
608.363	36.78	
608.554	28.74	
608.746	61.65	
608.937	45.96	
609.129	66.25	
609.32	66.63	
609.512	88.83	
609.703	115.24	
609.895	109.11	
610.086	185.66	
610.277	227	
610.469	240.78	
610.66	317.33	
610.851	317.33	
611.043	388.9	
611.234	357.13	
611.425	339.91	
611.617	320.77	
611.808	300.48	
611.999	275.99	
612.19	235.8	
612.381	231.59	
612.573	202.12	
612.764	166.52	
612.955	185.66	
613.146	154.66	
613.337	203.65	
613.528	185.66	
613.719	160.78	
613.91	124.81	
614.101	161.93	
614.292	123.66	
614.483	131.7	
614.674	114.85	
614.865	98.01	
615.056	101.08	
615.247	84.62	
615.438	119.45	
615.629	70.84	
615.82	66.63	
616.011	97.25	
616.202	82.32	
616.393	81.17	
616.584	38.31	
616.774	42.52	
616.965	31.03	
617.156	18.4	
617.347	19.93	
617.538	21.85	
617.728	21.47	
617.919	51.32	
618.11	44.43	
618.3	17.64	
618.491	49.41	
618.682	32.18	
618.872	40.22	
619.063	15.72	
619.254	16.87	
619.444	47.11	
619.635	32.18	
619.825	41.75	
620.016	30.27	
620.207	60.51	
620.397	39.07	
620.588	20.7	
620.778	9.22	
620.969	47.49	
621.159	3.48	
621.349	28.35	
621.54	24.14	
621.73	41.37	
621.921	42.9	
622.111	73.52	
622.301	60.89	
622.492	26.06	
622.682	26.44	
622.872	68.16	
623.063	27.97	
623.253	75.05	
623.443	23.76	
623.633	32.95	
623.824	35.63	
624.014	27.21	
624.204	20.7	
624.394	49.02	
624.584	63.95	
624.775	46.34	
624.965	29.89	
625.155	20.7	
625.345	39.45	
625.535	45.2	
625.725	-4.94	
625.915	18.79	
626.105	52.85	
626.295	73.9	
626.485	-8.01	
626.675	30.65	
626.865	35.63	
627.055	24.91	
627.245	26.44	
627.435	4.24	
627.625	17.64	
627.815	-13.36	
628.005	-21.02	
628.194	21.08	
628.384	62.8	
628.574	25.68	
628.764	34.48	
628.954	24.91	
629.143	29.12	
629.333	5.77	
629.523	36.78	
629.713	68.93	
629.902	38.69	
630.092	50.55	
630.282	46.73	
630.471	28.35	
630.661	41.37	
630.851	76.58	
631.04	38.31	
631.23	31.42	
631.419	18.79	
631.609	51.32	
631.799	47.11	
631.988	17.64	
632.178	15.34	
632.367	18.02	
632.557	50.94	
632.746	42.13	
632.935	34.1	
633.125	21.85	
633.314	8.07	
633.504	17.26	
633.693	37.16	
633.882	32.18	
634.072	3.86	
634.261	55.91	
634.45	1.56	
634.64	8.83	
634.829	7.69	
635.018	27.59	
635.208	-2.26	
635.397	56.68	
635.586	18.02	
635.775	14.58	
635.964	0.41	
636.154	5.77	
636.343	4.62	
636.532	5.39	
636.721	11.9	
636.91	2.33	
637.099	42.9	
637.288	22.23	
637.477	12.66	
637.666	15.34	
637.855	-22.93	
638.044	14.96	
638.233	15.72	
638.422	8.07	
638.611	23	
638.8	-1.12	
638.989	-24.46	
639.178	26.06	
639.367	-8.01	
639.556	-4.56	
639.745	-17.96	
639.934	13.81	
640.122	-11.07	
640.311	29.12	
640.5	-0.73	
640.689	19.55	
640.878	-16.04	
641.066	23.76	
641.255	36.78	
641.444	40.99	
641.633	38.69	
641.821	19.93	
642.01	17.64	
642.199	-21.4	
642.387	22.61	
642.576	63.18	
642.764	-24.85	
642.953	-8.39	
643.142	-23.32	
643.33	25.29	
643.519	15.34	
643.707	23	
643.896	11.9	
644.084	10.37	
644.273	2.71	
644.461	15.72	
644.649	0.8	
644.838	9.22	
645.026	11.51	
645.215	37.54	
645.403	-13.36	
645.591	3.48	
645.78	6.54	
645.968	25.29	
646.156	11.13	
646.345	2.71	
646.533	1.18	
646.721	16.49	
646.909	34.1	
647.098	27.97	
647.286	9.22	
647.474	18.79	
647.662	-18.34	
647.85	38.69	
648.039	-25.61	
648.227	-15.66	
648.415	-3.41	
648.603	26.82	
648.791	24.14	
648.979	0.41	
649.167	-2.65	
649.355	18.4	
649.543	8.83	
649.731	8.07	
649.919	12.66	
650.107	26.44	
650.295	17.64	
650.483	38.31	
650.671	8.07	
650.859	29.89	
651.047	-22.93	
651.235	-14.51	
651.422	1.18	
651.61	12.28	
651.798	41.75	
651.986	-20.25	
652.174	-19.87	
652.361	-21.78	
652.549	34.48	
652.737	1.95	
652.925	5.39	
653.112	-0.73	
653.3	-8.01	
653.488	27.97	
653.675	53.62	
653.863	44.43	
654.051	-11.07	
654.238	16.87	
654.426	-16.43	
654.613	22.61	
654.801	-25.23	
654.988	14.58	
655.176	-8.39	
655.363	11.9	
655.551	7.3	
655.738	37.54	
655.926	7.3	
656.113	9.98	
656.301	-23.7	
656.488	3.86	
656.675	21.85	
656.863	2.71	
657.05	5.01	
657.238	29.12	
657.425	-24.46	
657.612	8.83	
657.799	-19.87	
657.987	34.1	
658.174	-30.59	
658.361	20.7	
658.548	0.41	
658.736	11.51	
658.923	-10.68	
659.11	28.74	
659.297	8.83	
659.484	6.54	
659.671	25.68	
659.859	-20.64	
660.046	-17.57	
660.233	3.48	
660.42	9.22	
660.607	3.48	
660.794	-1.12	
660.981	2.71	
661.168	11.13	
661.355	11.9	
661.542	12.66	
661.729	3.09	
661.916	0.03	
662.103	11.9	
662.289	30.27	
662.476	9.98	
662.663	0.8	
662.85	18.4	
663.037	11.51	
663.224	19.93	
663.41	44.05	
663.597	18.79	
663.784	-0.73	
663.971	48.64	
664.157	-7.24	
664.344	36.78	
664.531	-11.45	
664.718	0.41	
664.904	3.09	
665.091	-1.12	
665.277	-0.73	
665.464	3.09	
665.651	19.17	
665.837	8.83	
666.024	-11.83	
666.21	32.18	
666.397	10.37	
666.583	-2.26	
666.77	-13.36	
666.956	2.71	
667.143	12.28	
667.329	6.16	
667.516	0.41	
667.702	-2.65	
667.889	0.03	
668.075	-16.81	
668.261	16.11	
668.448	25.29	
668.634	-1.12	
668.82	10.75	
669.007	32.95	
669.193	50.17	
669.379	18.02	
669.565	-13.75	
669.752	18.79	
669.938	39.45	
670.124	-9.54	
670.31	29.12	
670.496	11.51	
670.683	7.3	
670.869	31.03	
671.055	11.51	
671.241	9.98	
671.427	-17.96	
671.613	-14.51	
671.799	-7.24	
671.985	-9.92	
672.171	77.73	
672.357	4.24	
672.543	-0.73	
672.729	-16.43	
672.915	9.22	
673.101	-19.11	
673.287	9.98	
673.473	-17.96	
673.659	6.92	
673.844	38.31	
674.03	26.06	
674.216	27.21	
674.402	3.48	
674.588	-4.94	
674.774	10.75	
674.959	-3.41	
675.145	25.29	
675.331	44.05	
675.517	53.62	
675.702	3.09	
675.888	36.39	
676.074	-2.65	
676.259	31.8	
676.445	3.86	
676.631	-14.51	
676.816	-12.22	
677.002	15.72	
677.187	1.56	
677.373	11.13	
677.558	-15.66	
677.744	-12.98	
677.929	-9.15	
678.115	5.77	
678.3	11.13	
678.486	14.19	
678.671	-5.71	
678.857	5.01	
679.042	12.28	
679.227	14.19	
679.413	23.38	
679.598	11.13	
679.783	8.45	
679.969	-10.68	
680.154	6.54	
680.339	-8.01	
680.525	-11.83	
680.71	21.08	
680.895	21.08	
681.08	7.3	
681.266	-3.03	
681.451	8.83	
681.636	14.58	
681.821	13.05	
682.006	-6.47	
682.191	-25.99	
682.376	10.37	
682.561	10.37	
682.747	11.51	
682.932	0.8	
683.117	14.19	
683.302	-1.5	
683.487	-4.56	
683.672	25.68	
683.857	1.18	
684.042	29.5	
684.226	17.64	
684.411	-7.24	
684.596	0.41	
684.781	-18.34	
684.966	10.75	
685.151	-9.92	
685.336	-23.32	
685.521	-7.62	
685.705	9.6	
685.89	-19.87	
686.075	3.86	
686.26	45.96	
686.444	1.18	
686.629	33.71	
686.814	18.4	
686.998	23.38	
687.183	38.31	
687.368	32.18	
687.552	3.86	
687.737	45.96	
687.922	26.44	
688.106	5.77	
688.291	18.02	
688.475	13.05	
688.66	-14.51	
688.844	9.98	
689.029	14.19	
689.213	5.77	
689.398	13.43	
689.582	8.45	
689.767	11.9	
689.951	19.55	
690.136	-15.28	
690.32	37.92	
690.504	14.19	
690.689	26.82	
690.873	-15.28	
691.057	-2.26	
691.242	-2.26	
691.426	14.58	
691.61	3.48	
691.794	3.86	
691.979	-21.78	
692.163	5.77	
692.347	7.3	
692.531	9.6	
692.715	-20.25	
692.899	24.91	
693.084	2.71	
693.268	1.18	
693.452	-11.07	
693.636	5.01	
693.82	-7.62	
694.004	8.45	
694.188	6.16	
694.372	44.43	
694.556	-12.22	
694.74	24.53	
694.924	3.48	
695.108	-2.65	
695.292	9.98	
695.476	26.82	
695.66	-17.19	
695.844	24.53	
696.027	12.66	
696.211	-50.49	
696.395	-26.38	
696.579	16.87	
696.763	-6.86	
696.946	-9.15	
697.13	16.11	
697.314	2.33	
697.498	-19.87	
697.681	9.98	
697.865	-1.88	
698.049	1.95	
698.232	-25.61	
698.416	-8.39	
698.6	6.92	
698.783	6.16	
698.967	-3.41	
699.15	-3.41	
699.334	9.22	
699.518	13.43	
699.701	-9.15	
699.885	16.11	
700.068	3.48	
700.252	21.08	
700.435	17.26	
700.618	15.72	
700.802	-9.15	
700.985	1.95	
701.169	-11.45	
701.352	19.17	
701.535	20.7	
701.719	-5.33	
701.902	-14.9	
702.085	-10.3	
702.269	-30.97	
702.452	-4.94	
702.635	1.95	
702.818	1.95	
703.002	-14.13	
703.185	-24.08	
703.368	2.33	
703.551	7.69	
703.734	4.24	
703.918	-3.03	
704.101	19.93	
704.284	18.79	
704.467	27.21	
704.65	7.69	
704.833	5.77	
705.016	11.51	
705.199	21.85	
705.382	-29.82	
705.565	34.1	
705.748	42.9	
705.931	13.43	
706.114	24.14	
706.297	11.9	
706.48	6.92	
706.663	31.42	
706.845	22.23	
707.028	18.4	
707.211	41.37	
707.394	18.02	
707.577	51.7	
707.76	19.93	
707.942	0.03	
708.125	42.13	
708.308	52.08	
708.49	33.33	
708.673	-23.7	
708.856	10.75	
709.039	0.41	
709.221	35.63	
709.404	54	
709.586	35.63	
709.769	24.91	
709.952	40.22	
710.134	24.53	
710.317	33.33	
710.499	29.5	
710.682	18.79	
710.864	14.96	
711.047	32.18	
711.229	16.87	
711.412	11.9	
711.594	18.02	
711.776	36.78	
711.959	64.72	
712.141	11.13	
712.324	15.34	
712.506	11.9	
712.688	23.76	
712.871	-1.5	
713.053	29.89	
713.235	-1.12	
713.417	-1.88	
713.6	18.4	
713.782	14.58	
713.964	-10.68	
714.146	-4.18	
714.328	-12.98	
714.511	12.28	
714.693	-2.65	
714.875	3.86	
715.057	-6.47	
715.239	6.54	
715.421	-24.46	
715.603	59.36	
715.785	0.03	
715.967	7.69	
716.149	-12.98	
716.331	32.18	
716.513	2.33	
716.695	-17.96	
716.877	25.29	
717.059	-2.65	
717.241	-8.77	
717.423	11.13	
717.605	-3.03	
717.786	-11.07	
717.968	-0.35	
718.15	-2.65	
718.332	-16.04	
718.514	-7.62	
718.695	-22.93	
718.877	7.69	
719.059	30.27	
719.241	29.12	
719.422	6.92	
719.604	-7.62	
719.786	6.54	
719.967	6.16	
720.149	-2.65	
720.331	-35.95	
720.512	-6.09	
720.694	21.08	
720.875	-6.86	
721.057	11.13	
721.238	-19.11	
721.42	21.08	
721.601	6.54	
721.783	19.17	
721.964	-3.8	
722.146	-10.3	
722.327	8.07	
722.509	-24.08	
722.69	-11.83	
722.871	14.58	
723.053	-5.71	
723.234	36.01	
723.415	-6.86	
723.597	6.54	
723.778	-20.25	
723.959	-42.84	
724.14	1.18	
724.322	18.79	
724.503	-0.73	
724.684	-15.28	
724.865	14.58	
725.047	-8.01	
725.228	-9.54	
725.409	-8.01	
725.59	-3.8	
725.771	-6.86	
725.952	-10.3	
726.133	25.29	
726.314	5.77	
726.495	5.77	
726.676	-0.73	
726.857	0.41	
727.038	-6.09	
727.219	-21.02	
727.4	3.09	
727.581	12.28	
727.762	-31.74	
727.943	19.17	
728.124	7.69	
728.305	3.09	
728.485	13.05	
728.666	8.07	
728.847	-5.71	
729.028	14.96	
729.209	-24.85	
729.389	5.77	
729.57	-15.66	
729.751	-10.3	
729.932	13.81	
730.112	-3.8	
730.293	15.72	
730.474	22.23	
730.654	-1.5	
730.835	3.86	
731.015	3.48	
731.196	-20.25	
731.377	-0.35	
731.557	-24.46	
731.738	-20.64	
731.918	22.23	
732.099	-22.93	
732.279	7.3	
732.46	23.76	
732.64	-11.83	
732.821	4.24	
733.001	-21.78	
733.181	29.89	
733.362	30.65	
733.542	9.22	
733.722	9.98	
733.903	10.37	
734.083	3.48	
734.263	-5.33	
734.444	-5.33	
734.624	-15.28	
734.804	5.01	
734.984	-4.18	
735.165	8.83	
735.345	14.19	
735.525	19.55	
735.705	-25.61	
735.885	2.71	
736.065	-25.23	
736.246	-11.83	
736.426	23.76	
736.606	-4.18	
736.786	3.09	
736.966	25.68	
737.146	-16.43	
737.326	12.66	
737.506	1.95	
737.686	11.51	
737.866	-2.65	
738.046	11.13	
738.226	0.03	
738.405	26.44	
738.585	10.37	
738.765	5.77	
738.945	5.77	
739.125	41.75	
739.305	-13.75	
739.485	13.81	
739.664	-0.73	
739.844	-8.39	
740.024	2.71	
740.204	-6.86	
740.383	37.92	
740.563	19.55	
740.743	8.83	
740.922	25.68	
741.102	-7.62	
741.282	13.43	
741.461	-19.87	
741.641	21.85	
741.82	-11.45	
742	12.28	
742.179	-28.29	
742.359	8.45	
742.538	-3.03	
742.718	8.07	
742.897	-6.09	
743.077	1.56	
743.256	-2.65	
743.436	20.32	
743.615	-22.55	
743.795	17.64	
743.974	18.79	
744.153	14.58	
744.333	-13.36	
744.512	-12.22	
744.691	-8.01	
744.87	11.51	
745.05	14.19	
745.229	-19.11	
745.408	-14.13	
745.587	30.27	
745.767	22.61	
745.946	-27.53	
746.125	-14.9	
746.304	6.92	
746.483	-26.76	
746.662	2.71	
746.841	-22.17	
747.02	-0.73	
747.2	2.33	
747.379	1.18	
747.558	8.83	
747.737	17.26	
747.916	-18.34	
748.095	17.26	
748.274	32.56	
748.452	1.95	
748.631	12.66	
748.81	20.32	
748.989	-17.96	
749.168	28.74	
749.347	8.07	
749.526	0.03	
749.705	-21.02	
749.883	-9.54	
750.062	11.51	
750.241	-0.35	
750.42	7.69	
750.598	-20.64	
750.777	26.82	
750.956	11.51	
751.134	-19.49	
751.313	-40.16	
751.492	24.91	
751.67	20.32	
751.849	21.08	
752.028	-32.12	
752.206	22.23	
752.385	-8.01	
752.563	5.39	
752.742	-37.48	
752.92	-4.56	
753.099	18.4	
753.277	4.62	
753.456	-27.14	
753.634	19.93	
753.812	-6.09	
753.991	-3.03	
754.169	15.34	
754.348	-15.66	
754.526	16.11	
754.704	14.96	
754.883	6.92	
755.061	5.77	
755.239	13.43	
755.417	-45.51	
755.596	6.16	
755.774	4.62	
755.952	-25.61	
756.13	11.13	
756.308	0.03	
756.487	-5.33	
756.665	2.33	
756.843	27.97	
757.021	16.87	
757.199	-24.46	
757.377	-8.01	
757.555	8.45	
757.733	12.28	
757.911	0.41	
758.089	6.92	
758.267	-15.66	
758.445	10.75	
758.623	2.71	
758.801	20.32	
758.979	47.11	
759.157	14.58	
759.335	34.86	
759.513	38.69	
759.69	-10.3	
759.868	37.54	
760.046	24.14	
760.224	32.18	
760.402	9.6	
760.579	24.91	
760.757	-6.47	
760.935	-16.81	
761.113	3.09	
761.29	15.34	
761.468	-21.4	
761.646	16.11	
761.823	0.03	
762.001	-8.39	
762.178	9.6	
762.356	37.92	
762.534	18.79	
762.711	11.51	
762.889	-14.13	
763.066	-24.08	
763.244	-8.39	
763.421	34.48	
763.599	-4.94	
763.776	15.72	
763.954	-27.53	
764.131	24.91	
764.308	1.95	
764.486	38.31	
764.663	11.9	
764.84	-4.94	
765.018	19.55	
765.195	-24.08	
765.372	22.23	
765.55	-15.28	
765.727	9.98	
765.904	1.56	
766.081	-5.71	
766.258	15.72	
766.436	-21.78	
766.613	2.71	
766.79	0.8	
766.967	23	
767.144	15.34	
767.321	50.94	
767.498	-25.23	
767.675	29.5	
767.852	13.81	
768.029	0.8	
768.206	-3.03	
768.383	60.51	
768.56	-9.92	
768.737	1.56	
768.914	9.6	
769.091	16.11	
769.268	1.18	
769.445	5.01	
769.622	26.44	
769.799	16.87	
769.976	-0.35	
770.152	1.18	
770.329	-14.13	
770.506	1.56	
770.683	2.71	
770.86	-56.23	
771.036	5.01	
771.213	2.71	
771.39	3.09	
771.566	-0.35	
771.743	21.08	
771.92	3.09	
772.096	21.08	
772.273	-3.8	
772.449	26.06	
772.626	26.06	
772.803	18.02	
772.979	2.33	
773.156	-34.8	
773.332	35.24	
773.509	11.13	
773.685	-30.2	
773.861	-10.68	
774.038	-12.22	
774.214	30.27	
774.391	-4.18	
774.567	0.03	
774.743	-4.56	
774.92	19.55	
775.096	6.16	
775.272	-14.9	
775.449	4.62	
775.625	14.58	
775.801	4.62	
775.977	-39.77	
776.154	-0.35	
776.33	-42.07	
776.506	28.74	
776.682	25.68	
776.858	6.16	
777.035	-10.3	
777.211	8.83	
777.387	-16.43	
777.563	7.69	
777.739	3.09	
777.915	-0.35	
778.091	-2.26	
778.267	12.66	
778.443	-9.15	
778.619	-11.83	
778.795	1.56	
778.971	-18.34	
779.147	-4.18	
779.323	-8.77	
779.499	-28.29	
779.674	-32.5	
779.85	0.03	
780.026	-1.88	
780.202	-9.92	
780.378	34.86	
780.554	-25.23	
780.729	-1.5	
780.905	-22.17	
781.081	23.76	
781.256	-43.98	
781.432	8.07	
781.608	3.48	
781.783	-12.22	
781.959	-29.82	
782.135	-33.27	
782.31	23.38	
782.486	-11.07	
782.662	-1.88	
782.837	-29.82	
783.013	3.09	
783.188	-0.35	
783.364	-2.26	
783.539	-8.39	
783.715	4.24	
783.89	-0.35	
784.065	-13.36	
784.241	-1.88	
784.416	11.9	
784.592	11.51	
784.767	18.79	
784.942	-9.15	
785.118	15.72	
785.293	-8.01	
785.468	12.66	
785.643	8.83	
785.819	-9.54	
785.994	-11.45	
786.169	24.91	
786.344	-6.47	
786.52	19.93	
786.695	-1.12	
786.87	-19.49	
787.045	-3.8	
787.22	-12.22	
787.395	15.34	
787.57	-46.66	
787.745	-11.07	
787.92	7.3	
788.095	30.65	
788.27	-1.5	
788.445	-7.24	
788.62	-29.06	
788.795	22.61	
788.97	-24.08	
789.145	-8.39	
789.32	8.07	
789.495	-4.56	
789.67	-10.68	
789.845	-20.25	
790.02	7.69	
790.194	12.28	
790.369	2.33	
790.544	10.75	
790.719	-6.86	
790.893	16.11	
791.068	-6.47	
791.243	14.96	
791.418	28.35	
791.592	7.3	
791.767	-8.77	
791.941	32.18	
792.116	-30.97	
792.291	-17.57	
792.465	-2.26	
792.64	5.77	
792.814	-16.81	
792.989	-32.12	
793.163	-6.86	
793.338	-0.35	
793.512	39.07	
793.687	36.01	
793.861	-10.68	
794.036	39.07	
794.21	-20.25	
794.385	-5.33	
794.559	-0.73	
794.733	-13.75	
794.908	-30.97	
795.082	25.68	
795.256	-45.13	
795.43	-6.09	
795.605	1.56	
795.779	4.62	
795.953	-37.48	
796.127	35.63	
796.302	-22.17	
796.476	-6.09	
796.65	7.69	
796.824	-26.76	
796.998	9.6	
797.172	16.49	
797.346	-28.29	
797.52	1.56	
797.694	2.71	
797.869	-39.01	
798.043	-2.65	
798.217	10.75	
798.391	-40.54	
798.564	3.48	
798.738	-17.96	
798.912	29.5	
799.086	11.51	
799.26	-11.07	
799.434	7.3	
799.608	25.29	
799.782	-25.23	
799.956	34.86	
800.129	-14.51	
800.303	17.64	
800.477	23.38	
800.651	6.16	
800.824	37.92	
800.998	32.56	
801.172	22.23	
801.345	1.95	
801.519	-7.62	
801.693	13.81	
801.866	1.95	
802.04	1.95	
802.214	-6.86	
802.387	7.69	
802.561	-2.65	
802.734	27.21	
802.908	4.24	
803.081	-11.45	
803.255	-1.5	
803.428	-23.7	
803.602	-1.12	
803.775	3.09	
803.948	-22.17	
804.122	7.69	
804.295	-19.87	
804.469	-10.68	
804.642	18.02	
804.815	26.06	
804.989	11.51	
805.162	15.34	
805.335	-18.72	
805.508	23	
805.682	7.69	
805.855	4.24	
806.028	12.28	
806.201	11.13	
806.374	3.86	
806.547	-3.41	
806.721	1.95	
806.894	-4.18	
807.067	14.96	
807.24	-33.27	
807.413	-9.54	
807.586	25.29	
807.759	-2.26	
807.932	-8.01	
808.105	21.47	
808.278	18.4	
808.451	-16.43	
808.624	13.05	
808.797	23.76	
808.97	-1.88	
809.143	-4.94	
809.315	28.35	
809.488	-8.39	
809.661	9.98	
809.834	14.58	
810.007	21.08	
810.179	-9.54	
810.352	0.41	
810.525	52.85	
810.698	-5.71	
810.87	16.87	
811.043	33.71	
811.216	-15.28	
811.388	37.92	
811.561	-1.88	
811.733	3.86	
811.906	26.06	
812.079	38.31	
812.251	-5.33	
812.424	-40.54	
812.596	14.58	
812.769	21.47	
812.941	35.63	
813.114	16.11	
813.286	-1.12	
813.459	-0.35	
813.631	1.56	
813.803	37.16	
813.976	-6.47	
814.148	31.03	
814.32	3.48	
814.493	-12.22	
814.665	7.3	
814.837	15.34	
815.01	-36.33	
815.182	2.71	
815.354	-1.88	
815.526	3.09	
815.699	21.08	
815.871	32.56	
816.043	-1.5	
816.215	28.35	
816.387	-15.28	
816.559	30.65	
816.731	27.21	
816.903	-16.04	
817.075	-17.19	
817.248	-17.57	
817.42	14.58	
817.592	3.86	
817.764	-4.56	
817.935	15.72	
818.107	26.82	
818.279	-27.14	
818.451	2.33	
818.623	25.68	
818.795	-14.9	
818.967	-16.81	
819.139	31.03	
819.311	-8.77	
819.482	12.28	
819.654	23.76	
819.826	-12.22	
819.998	11.13	
820.169	-30.97	
820.341	13.81	
820.513	-37.86	
820.684	41.37	
820.856	-1.12	
821.028	-20.25	
821.199	-15.28	
821.371	-13.36	
821.543	-1.5	
821.714	16.49	
821.886	-18.34	
822.057	36.39	
822.229	10.37	
822.4	1.18	
822.572	-3.03	
822.743	38.31	
822.915	13.05	
823.086	25.29	
823.257	34.48	
823.429	4.24	
823.6	19.55	
823.772	15.72	
823.943	-4.94	
824.114	13.81	
824.285	15.34	
824.457	20.32	
824.628	-8.01	
824.799	19.17	
824.971	21.47	
825.142	3.09	
825.313	-10.3	
825.484	4.24	
825.655	12.66	
825.826	-36.33	
825.997	19.93	
826.169	-6.47	
826.34	0.41	
826.511	23.38	
826.682	-2.65	
826.853	-2.26	
827.024	21.47	
827.195	26.44	
827.366	-24.08	
827.537	8.07	
827.708	10.75	
827.879	0.41	
828.05	21.85	
828.22	29.89	
828.391	11.9	
828.562	-6.86	
828.733	-7.24	
828.904	40.22	
829.075	-8.01	
829.245	-8.01	
829.416	14.19	
829.587	0.03	
829.758	2.71	
829.928	19.17	
830.099	13.05	
830.27	5.01	
830.44	28.35	
830.611	7.3	
830.782	-11.07	
830.952	-11.45	
831.123	6.54	
831.293	-0.35	
831.464	11.9	
831.634	-8.39	
831.805	-9.15	
831.975	11.51	
832.146	4.62	
832.316	17.26	
832.487	5.01	
832.657	47.49	
832.827	28.74	
832.998	-32.12	
833.168	-16.04	
833.339	-21.02	
833.509	-5.33	
833.679	-27.14	
833.849	2.33	
834.02	33.71	
834.19	-9.92	
834.36	3.48	
834.53	5.39	
834.701	-11.45	
834.871	-24.46	
835.041	7.69	
835.211	4.24	
835.381	11.13	
835.551	22.61	
835.721	12.66	
835.892	28.35	
836.062	25.68	
836.232	11.9	
836.402	11.51	
836.572	-22.17	
836.742	11.13	
836.912	36.78	
837.082	6.16	
837.251	5.39	
837.421	19.55	
837.591	5.01	
837.761	-2.26	
837.931	14.19	
838.101	-27.14	
838.271	15.34	
838.44	16.11	
838.61	20.32	
838.78	23.76	
838.95	15.72	
839.119	-3.41	
839.289	-31.74	
839.459	52.85	
839.629	13.43	
839.798	-12.22	
839.968	-10.68	
840.137	-12.98	
840.307	29.5	
840.477	-22.17	
840.646	-9.15	
840.816	26.82	
840.985	1.95	
841.155	-9.54	
841.324	-19.49	
841.494	-9.15	
841.663	-4.56	
841.833	17.64	
842.002	-9.92	
842.171	-14.9	
842.341	14.58	
842.51	19.93	
842.68	6.54	
842.849	-21.4	
843.018	-0.35	
843.187	-7.24	
843.357	-7.62	
843.526	8.83	
843.695	0.03	
843.864	12.66	
844.034	23.38	
844.203	5.39	
844.372	-29.06	
844.541	-0.35	
844.71	-3.41	
844.879	14.96	
845.048	-11.83	
845.218	-5.71	
845.387	-27.91	
845.556	-1.88	
845.725	13.05	
845.894	21.85	
846.063	3.09	
846.232	13.81	
846.401	-12.98	
846.569	1.56	
846.738	1.95	
846.907	11.51	
847.076	-16.04	
847.245	-21.4	
847.414	30.27	
847.583	-1.12	
847.751	-18.34	
847.92	-29.06	
848.089	15.72	
848.258	0.03	
848.426	-14.13	
848.595	6.54	
848.764	6.92	
848.933	22.23	
849.101	13.81	
849.27	-13.75	
849.438	43.28	
849.607	-16.81	
849.776	5.01	
849.944	-9.15	
850.113	6.54	
850.281	-9.92	
850.45	-38.63	
850.618	-5.33	
850.787	0.03	
850.955	15.72	
851.124	-34.03	
851.292	14.19	
851.46	-7.62	
851.629	-8.01	
851.797	-21.4	
851.966	19.17	
852.134	18.02	
852.302	17.64	
852.47	11.51	
852.639	-22.55	
852.807	-25.61	
852.975	20.7	
853.143	12.66	
853.312	37.54	
853.48	-1.88	
853.648	-0.35	
853.816	-3.41	
853.984	32.56	
854.152	20.32	
854.32	23.38	
854.489	15.34	
854.657	12.28	
854.825	11.9	
854.993	-17.19	
855.161	27.21	
855.329	-1.5	
855.497	-18.72	
855.665	18.4	
855.832	-25.99	
856	17.64	
856.168	17.64	
856.336	18.4	
856.504	6.54	
856.672	-29.06	
856.84	18.4	
857.007	18.02	
857.175	-2.65	
857.343	51.32	
857.511	-2.65	
857.678	44.43	
857.846	-33.65	
858.014	-4.56	
858.181	19.55	
858.349	11.9	
858.517	2.33	
858.684	2.71	
858.852	-25.61	
859.02	-17.19	
859.187	-48.96	
859.355	2.71	
859.522	-3.03	
859.69	24.14	
859.857	34.48	
860.025	19.17	
860.192	24.14	
860.359	-22.17	
860.527	14.58	
860.694	-8.39	
860.862	-41.69	
861.029	-2.26	
861.196	-13.75	
861.364	5.01	
861.531	4.62	
861.698	-14.13	
861.866	-26.38	
862.033	14.19	
862.2	-27.53	
862.367	-32.88	
862.534	10.75	
862.702	8.07	
862.869	-2.65	
863.036	-13.75	
863.203	32.56	
863.37	-3.41	
863.537	-1.12	
863.704	2.33	
863.871	23	
864.038	-25.23	
864.205	-24.46	
864.372	4.24	
864.539	8.83	
864.706	7.69	
864.873	-13.75	
865.04	23	
865.207	5.39	
865.374	5.01	
865.541	-24.46	
865.708	-24.08	
865.874	-37.86	
866.041	-7.24	
866.208	-0.35	
866.375	18.79	
866.541	-29.44	
866.708	6.92	
866.875	43.66	
867.042	21.47	
867.208	-15.66	
867.375	-10.3	
867.542	-7.24	
867.708	-4.18	
867.875	-16.04	
868.041	8.83	
868.208	-30.97	
868.374	-9.92	
868.541	0.41	
868.708	9.6	
868.874	25.29	
869.04	1.95	
869.207	-16.04	
869.373	-1.12	
869.54	-0.73	
869.706	8.83	
869.873	11.51	
870.039	-17.57	
870.205	-3.8	
870.372	7.3	
870.538	-3.41	
870.704	19.55	
870.87	4.24	
871.037	-1.88	
871.203	-5.71	
871.369	-12.22	
871.535	-5.71	
871.702	46.73	
871.868	-5.33	
872.034	-14.51	
872.2	28.35	
872.366	-16.81	
872.532	8.45	
872.698	-25.99	
872.864	-22.55	
873.03	-14.9	
873.196	-0.35	
873.362	-30.2	
873.528	34.1	
873.694	15.34	
873.86	21.85	
874.026	8.83	
874.192	6.54	
874.358	-35.56	
874.524	3.09	
874.69	-36.71	
874.855	-5.33	
875.021	-2.65	
875.187	-17.57	
875.353	-8.01	
875.519	-42.84	
875.684	-14.9	
875.85	-14.51	
876.016	32.95	
876.181	-31.35	
876.347	1.56	
876.513	-9.54	
876.678	46.34	
876.844	-0.35	
877.01	3.09	
877.175	-4.56	
877.341	18.79	
877.506	-18.34	
877.672	21.47	
877.837	18.02	
878.003	-12.22	
878.168	5.01	
878.334	18.02	
878.499	7.3	
878.664	-10.3	
878.83	0.03	
878.995	12.66	
879.16	11.13	
879.326	4.24	
879.491	-17.96	
879.656	6.92	
879.822	14.96	
879.987	3.09	
880.152	-1.88	
880.317	0.41	
880.483	-15.66	
880.648	-13.36	
880.813	-9.54	
880.978	-2.26	
881.143	19.17	
881.308	17.64	
881.473	6.92	
881.638	7.69	
881.804	-11.07	
881.969	-6.86	
882.134	-12.6	
882.299	-2.26	
882.464	-11.83	
882.628	-14.51	
882.793	-42.84	
882.958	23.38	
883.123	-7.62	
883.288	3.48	
883.453	-12.98	
883.618	13.43	
883.783	18.79	
883.947	-6.09	
884.112	-36.33	
884.277	16.87	
884.442	7.69	
884.607	9.6	
884.771	18.79	
884.936	-9.54	
885.101	-5.33	
885.265	32.18	
885.43	-0.35	
885.595	42.9	
885.759	-27.14	
885.924	-23.32	
886.088	-3.41	
886.253	-3.41	
886.417	26.82	
886.582	-3.8	
886.746	-16.04	
886.911	-26.38	
887.075	-25.61	
887.24	2.71	
887.404	-32.88	
887.569	19.93	
887.733	16.11	
887.897	0.41	
888.062	-8.39	
888.226	7.69	
888.39	-17.19	
888.555	35.63	
888.719	8.07	
888.883	20.32	
889.047	-22.93	
889.212	-16.81	
889.376	-18.72	
889.54	24.53	
889.704	24.53	
