FLMT09758_1:101		
180.403	-25.64	
180.624	-25.64	
180.845	-25.64	
181.066	-36.74	
181.287	-34.83	
181.509	-4.98	
181.73	28.71	
181.951	-1.53	
182.172	15.31	
182.393	18.37	
182.614	-0.38	
182.835	-21.43	
183.056	7.65	
183.277	-4.21	
183.498	-37.89	
183.719	0.38	
183.94	-0	
184.161	-33.3	
184.382	7.27	
184.603	-35.21	
184.824	4.59	
185.045	41.34	
185.266	27.94	
185.487	-0.38	
185.708	-15.69	
185.929	-34.06	
186.15	-11.87	
186.37	-14.54	
186.591	42.48	
186.812	11.1	
187.033	24.88	
187.254	21.05	
187.475	-11.1	
187.695	18.37	
187.916	8.42	
188.137	28.32	
188.358	-17.99	
188.578	53.2	
188.799	27.94	
189.02	13.78	
189.24	7.65	
189.461	-23.73	
189.682	-4.21	
189.902	12.63	
190.123	19.52	
190.344	30.24	
190.564	9.57	
190.785	19.14	
191.006	-2.3	
191.226	-5.74	
191.447	29.09	
191.667	16.84	
191.888	21.05	
192.108	15.31	
192.329	26.03	
192.549	21.05	
192.77	1.15	
192.99	20.29	
193.211	32.53	
193.431	-1.15	
193.652	-0.38	
193.872	1.91	
194.092	4.21	
194.313	-19.52	
194.533	14.93	
194.754	35.6	
194.974	9.57	
195.194	9.19	
195.415	-19.14	
195.635	14.16	
195.855	35.6	
196.076	5.36	
196.296	-10.72	
196.516	17.61	
196.736	32.92	
196.957	-25.26	
197.177	14.54	
197.397	23.73	
197.617	-16.46	
197.838	12.63	
198.058	22.2	
198.278	19.14	
198.498	5.36	
198.718	-23.73	
198.938	0.77	
199.158	-16.84	
199.379	16.08	
199.599	6.12	
199.819	-3.06	
200.039	25.64	
200.259	10.33	
200.479	25.26	
200.699	33.3	
200.919	1.53	
201.139	58.56	
201.359	8.8	
201.579	27.56	
201.799	-13.01	
202.019	-21.43	
202.239	4.59	
202.459	24.11	
202.679	44.02	
202.899	9.95	
203.118	-10.33	
203.338	24.88	
203.558	6.89	
203.778	-25.26	
203.998	23.73	
204.218	-19.9	
204.438	15.31	
204.657	5.36	
204.877	34.83	
205.097	6.51	
205.317	0.77	
205.536	-20.67	
205.756	-3.44	
205.976	4.98	
206.196	11.48	
206.415	12.25	
206.635	-2.68	
206.855	12.63	
207.074	-4.59	
207.294	16.46	
207.514	1.15	
207.733	42.87	
207.953	8.42	
208.172	48.23	
208.392	23.73	
208.612	-5.74	
208.831	21.05	
209.051	21.43	
209.27	18.37	
209.49	16.08	
209.709	13.4	
209.929	8.8	
210.148	-5.36	
210.368	-1.15	
210.587	29.85	
210.807	17.22	
211.026	-5.36	
211.245	21.05	
211.465	29.85	
211.684	8.8	
211.904	35.21	
212.123	2.3	
212.342	21.43	
212.562	11.48	
212.781	16.46	
213	10.33	
213.22	43.63	
213.439	31.77	
213.658	14.16	
213.877	-22.96	
214.097	-2.68	
214.316	63.92	
214.535	-24.11	
214.754	1.15	
214.973	-13.78	
215.193	36.74	
215.412	17.99	
215.631	12.63	
215.85	8.8	
216.069	47.84	
216.288	33.3	
216.507	54.73	
216.727	2.68	
216.946	41.34	
217.165	44.78	
217.384	-0.77	
217.603	8.04	
217.822	31	
218.041	23.73	
218.26	39.81	
218.479	5.36	
218.698	-32.15	
218.917	-10.72	
219.136	14.54	
219.355	25.64	
219.574	6.12	
219.792	8.04	
220.011	-3.44	
220.23	-23.73	
220.449	0.38	
220.668	-8.04	
220.887	15.31	
221.106	35.21	
221.324	7.65	
221.543	22.96	
221.762	57.03	
221.981	29.85	
222.2	31	
222.418	16.46	
222.637	32.15	
222.856	-7.65	
223.075	16.46	
223.293	-1.15	
223.512	41.34	
223.731	26.79	
223.949	9.19	
224.168	10.33	
224.387	-4.59	
224.605	24.88	
224.824	26.03	
225.042	19.14	
225.261	24.5	
225.48	-3.06	
225.698	-15.31	
225.917	11.1	
226.135	-8.8	
226.354	19.9	
226.572	17.22	
226.791	8.42	
227.009	-6.51	
227.228	0.77	
227.446	-21.43	
227.665	11.87	
227.883	-0	
228.101	4.98	
228.32	26.03	
228.538	4.21	
228.757	37.13	
228.975	-4.98	
229.193	11.48	
229.412	-19.52	
229.63	17.99	
229.848	-17.61	
230.067	21.05	
230.285	29.85	
230.503	6.89	
230.721	12.63	
230.94	50.14	
231.158	12.25	
231.376	-9.19	
231.594	6.51	
231.813	14.93	
232.031	17.99	
232.249	-3.06	
232.467	14.54	
232.685	40.57	
232.903	-9.57	
233.121	24.11	
233.34	53.97	
233.558	3.06	
233.776	17.99	
233.994	25.64	
234.212	17.61	
234.43	-23.73	
234.648	10.72	
234.866	28.32	
235.084	17.99	
235.302	13.01	
235.52	-19.14	
235.738	34.06	
235.956	29.85	
236.174	21.82	
236.392	16.08	
236.61	24.88	
236.827	-27.17	
237.045	14.93	
237.263	42.48	
237.481	0.38	
237.699	-0.38	
237.917	34.06	
238.135	11.87	
238.352	4.21	
238.57	25.26	
238.788	39.04	
239.006	11.48	
239.223	8.8	
239.441	-2.68	
239.659	7.65	
239.877	12.63	
240.094	-10.72	
240.312	-7.65	
240.53	31.38	
240.747	3.06	
240.965	9.57	
241.183	8.04	
241.4	34.83	
241.618	46.69	
241.835	18.75	
242.053	25.26	
242.271	32.92	
242.488	22.96	
242.706	-3.06	
242.923	12.25	
243.141	30.62	
243.358	2.68	
243.576	-5.74	
243.793	47.84	
244.011	-3.44	
244.228	24.88	
244.446	26.79	
244.663	7.65	
244.88	29.47	
245.098	28.32	
245.315	13.4	
245.533	20.67	
245.75	34.06	
245.967	34.06	
246.185	21.05	
246.402	18.75	
246.619	52.82	
246.837	-19.52	
247.054	9.95	
247.271	14.16	
247.488	52.05	
247.706	16.08	
247.923	23.73	
248.14	-29.47	
248.357	1.15	
248.574	-8.04	
248.792	17.61	
249.009	6.89	
249.226	12.63	
249.443	-12.63	
249.66	20.67	
249.877	19.9	
250.094	-6.51	
250.311	-3.44	
250.529	31	
250.746	5.36	
250.963	10.33	
251.18	14.54	
251.397	4.98	
251.614	48.99	
251.831	15.69	
252.048	24.11	
252.265	25.64	
252.482	-3.06	
252.698	66.98	
252.915	17.22	
253.132	19.52	
253.349	7.27	
253.566	46.31	
253.783	52.44	
254	9.19	
254.217	4.21	
254.434	44.4	
254.65	-10.33	
254.867	42.87	
255.084	33.3	
255.301	9.57	
255.517	20.29	
255.734	23.73	
255.951	-3.44	
256.168	70.81	
256.384	15.69	
256.601	21.05	
256.818	15.31	
257.034	24.11	
257.251	23.35	
257.468	8.42	
257.684	47.46	
257.901	38.66	
258.118	17.61	
258.334	42.87	
258.551	16.84	
258.767	0.38	
258.984	17.61	
259.2	26.41	
259.417	8.04	
259.634	40.95	
259.85	14.16	
260.066	16.08	
260.283	50.9	
260.499	16.46	
260.716	27.56	
260.932	36.74	
261.149	37.89	
261.365	36.74	
261.582	28.71	
261.798	66.6	
262.014	26.79	
262.231	84.97	
262.447	63.92	
262.663	116.35	
262.88	124.77	
263.096	186.01	
263.312	213.95	
263.528	339.49	
263.745	450.87	
263.961	621.96	
264.177	861.17	
264.393	1103.45	
264.61	1451.36	
264.826	1794.68	
265.042	2220.67	
265.258	2655.46	
265.474	3211.97	
265.691	3781.11	
265.907	4393.11	
266.123	5002.44	
266.339	5603.73	
266.555	6024.74	
266.771	6205.78	
266.987	6399.06	
267.203	6355.43	
267.419	6109.33	
267.635	5775.58	
267.851	5390.16	
268.067	4813.75	
268.283	4130.93	
268.499	3654.42	
268.715	2991.51	
268.931	2440.75	
269.147	1975.33	
269.363	1558.14	
269.579	1222.1	
269.795	926.62	
270.011	672.86	
270.226	504.07	
270.442	401.5	
270.658	283.23	
270.874	215.1	
271.09	173	
271.306	141.23	
271.521	34.45	
271.737	102.57	
271.953	67.36	
272.169	63.54	
272.384	25.64	
272.6	35.98	
272.816	18.75	
273.031	58.56	
273.247	34.06	
273.463	36.36	
273.678	15.31	
273.894	41.72	
274.11	7.27	
274.325	46.69	
274.541	16.84	
274.756	11.87	
274.972	21.43	
275.188	30.62	
275.403	45.93	
275.619	10.33	
275.834	37.89	
276.05	14.93	
276.265	45.16	
276.481	-16.08	
276.696	33.3	
276.912	16.08	
277.127	16.46	
277.342	17.61	
277.558	11.87	
277.773	20.67	
277.989	32.53	
278.204	3.83	
278.419	43.25	
278.635	24.5	
278.85	15.31	
279.065	2.3	
279.281	13.4	
279.496	19.9	
279.711	15.31	
279.926	27.56	
280.142	-30.24	
280.357	21.82	
280.572	25.64	
280.787	50.14	
281.003	1.15	
281.218	-14.93	
281.433	-11.48	
281.648	36.74	
281.863	19.52	
282.078	51.67	
282.293	32.53	
282.509	10.33	
282.724	35.6	
282.939	35.6	
283.154	34.06	
283.369	50.14	
283.584	8.42	
283.799	37.13	
284.014	28.71	
284.229	2.3	
284.444	29.09	
284.659	55.5	
284.874	-1.91	
285.089	17.22	
285.304	21.05	
285.519	11.48	
285.733	5.36	
285.948	-22.2	
286.163	3.44	
286.378	21.05	
286.593	37.51	
286.808	31	
287.023	15.69	
287.237	19.9	
287.452	13.01	
287.667	36.74	
287.882	18.37	
288.096	22.96	
288.311	-4.98	
288.526	19.14	
288.741	29.09	
288.955	32.92	
289.17	21.05	
289.385	-10.72	
289.599	17.22	
289.814	-15.69	
290.029	32.15	
290.243	-21.82	
290.458	9.57	
290.672	32.53	
290.887	2.68	
291.102	53.2	
291.316	11.48	
291.531	5.36	
291.745	13.78	
291.96	19.14	
292.174	24.88	
292.389	29.47	
292.603	17.61	
292.818	2.3	
293.032	24.88	
293.246	18.37	
293.461	39.04	
293.675	25.64	
293.89	-25.64	
294.104	40.57	
294.318	27.17	
294.533	25.26	
294.747	20.67	
294.961	-9.95	
295.176	-3.83	
295.39	14.93	
295.604	36.74	
295.819	1.53	
296.033	-2.68	
296.247	17.22	
296.461	17.99	
296.676	-5.36	
296.89	34.83	
297.104	49.37	
297.318	19.14	
297.532	51.67	
297.746	33.68	
297.96	5.36	
298.175	-15.31	
298.389	35.98	
298.603	20.29	
298.817	12.25	
299.031	3.83	
299.245	-9.57	
299.459	21.43	
299.673	40.19	
299.887	19.9	
300.101	46.31	
300.315	-0.77	
300.529	35.98	
300.743	3.06	
300.957	25.64	
301.171	2.68	
301.385	-6.51	
301.599	-5.36	
301.813	52.05	
302.026	-8.42	
302.24	40.57	
302.454	28.71	
302.668	36.74	
302.882	-24.11	
303.096	16.84	
303.309	-1.15	
303.523	24.5	
303.737	26.03	
303.951	37.51	
304.164	-17.61	
304.378	10.33	
304.592	-6.51	
304.806	-32.53	
305.019	-26.41	
305.233	-10.72	
305.447	1.15	
305.66	-14.93	
305.874	18.75	
306.087	-1.15	
306.301	15.69	
306.515	16.46	
306.728	-12.63	
306.942	22.96	
307.155	24.11	
307.369	-2.3	
307.582	-17.22	
307.796	31	
308.009	19.52	
308.223	-0.38	
308.436	-1.53	
308.65	50.14	
308.863	-19.9	
309.077	14.93	
309.29	6.51	
309.503	-11.1	
309.717	-0	
309.93	-13.4	
310.144	0.77	
310.357	16.84	
310.57	-14.16	
310.784	-7.65	
310.997	-4.59	
311.21	42.87	
311.423	18.37	
311.637	17.22	
311.85	14.54	
312.063	16.46	
312.276	-5.74	
312.49	19.14	
312.703	-11.87	
312.916	37.51	
313.129	-24.11	
313.342	16.08	
313.555	-7.27	
313.768	1.15	
313.982	-1.53	
314.195	20.29	
314.408	-14.16	
314.621	3.83	
314.834	-8.8	
315.047	60.47	
315.26	-19.9	
315.473	1.53	
315.686	36.74	
315.899	2.68	
316.112	31.38	
316.325	12.63	
316.538	2.3	
316.751	9.57	
316.964	39.81	
317.177	16.84	
317.39	0.77	
317.602	-3.44	
317.815	-1.15	
318.028	-21.05	
318.241	-6.51	
318.454	16.08	
318.667	-0	
318.879	-2.3	
319.092	-8.42	
319.305	27.56	
319.518	-2.3	
319.73	5.74	
319.943	-5.36	
320.156	34.83	
320.369	11.48	
320.581	-14.16	
320.794	28.32	
321.007	14.16	
321.219	2.68	
321.432	-32.53	
321.644	-40.19	
321.857	25.26	
322.07	33.3	
322.282	22.58	
322.495	29.47	
322.707	-13.4	
322.92	-18.37	
323.132	13.4	
323.345	17.22	
323.557	3.44	
323.77	29.09	
323.982	-2.3	
324.195	1.53	
324.407	39.42	
324.62	-23.73	
324.832	26.41	
325.045	25.64	
325.257	14.16	
325.469	19.52	
325.682	34.06	
325.894	30.62	
326.106	11.87	
326.319	18.37	
326.531	19.52	
326.743	1.53	
326.955	39.04	
327.168	-21.05	
327.38	29.09	
327.592	-15.69	
327.804	-3.06	
328.017	39.81	
328.229	20.29	
328.441	-2.68	
328.653	-8.04	
328.865	-10.33	
329.077	36.36	
329.29	-6.89	
329.502	11.87	
329.714	-9.95	
329.926	25.64	
330.138	-14.54	
330.35	6.89	
330.562	31	
330.774	42.1	
330.986	27.17	
331.198	-9.57	
331.41	0.38	
331.622	22.2	
331.834	-20.67	
332.046	-3.06	
332.258	-4.98	
332.47	3.44	
332.682	-0.77	
332.894	26.03	
333.105	-2.68	
333.317	-1.15	
333.529	40.57	
333.741	15.31	
333.953	17.99	
334.165	22.2	
334.376	6.51	
334.588	-17.22	
334.8	4.98	
335.012	-13.78	
335.223	-19.14	
335.435	-14.54	
335.647	-8.8	
335.859	15.31	
336.07	28.71	
336.282	23.35	
336.494	31.77	
336.705	16.46	
336.917	5.74	
337.128	-5.74	
337.34	33.68	
337.552	24.88	
337.763	3.06	
337.975	-11.1	
338.186	31.38	
338.398	4.98	
338.609	13.78	
338.821	-3.06	
339.032	23.35	
339.244	34.45	
339.455	8.04	
339.667	18.75	
339.878	1.91	
340.09	14.16	
340.301	1.91	
340.512	8.42	
340.724	11.1	
340.935	39.81	
341.146	-6.51	
341.358	3.83	
341.569	7.65	
341.78	14.54	
341.992	-1.91	
342.203	36.74	
342.414	-7.27	
342.625	3.44	
342.837	-17.99	
343.048	41.72	
343.259	-4.21	
343.47	32.15	
343.682	-14.54	
343.893	26.03	
344.104	-8.04	
344.315	55.88	
344.526	24.88	
344.737	24.5	
344.948	-9.95	
345.159	11.87	
345.37	-21.43	
345.582	37.89	
345.793	-8.8	
346.004	8.8	
346.215	5.36	
346.426	6.51	
346.637	3.44	
346.848	-9.19	
347.059	-17.22	
347.27	12.25	
347.48	-19.52	
347.691	11.48	
347.902	14.54	
348.113	23.35	
348.324	3.44	
348.535	14.16	
348.746	10.33	
348.957	37.51	
349.167	6.51	
349.378	1.91	
349.589	-9.19	
349.8	48.99	
350.011	19.14	
350.221	18.75	
350.432	25.26	
350.643	35.6	
350.853	-17.99	
351.064	-0	
351.275	3.06	
351.486	9.95	
351.696	-3.83	
351.907	20.29	
352.117	-10.33	
352.328	24.88	
352.539	-0.77	
352.749	48.99	
352.96	-6.51	
353.17	8.04	
353.381	-26.79	
353.591	8.8	
353.802	-19.9	
354.012	6.12	
354.223	17.61	
354.433	15.69	
354.644	-10.33	
354.854	18.75	
355.065	14.54	
355.275	-14.16	
355.486	17.61	
355.696	43.63	
355.906	-5.74	
356.117	22.58	
356.327	-2.3	
356.537	14.16	
356.748	24.11	
356.958	17.99	
357.168	17.99	
357.379	17.22	
357.589	0.77	
357.799	25.64	
358.009	22.2	
358.219	30.62	
358.43	13.4	
358.64	-26.03	
358.85	3.44	
359.06	48.61	
359.27	31.77	
359.481	4.21	
359.691	14.93	
359.901	16.84	
360.111	-1.91	
360.321	68.13	
360.531	13.01	
360.741	35.6	
360.951	-33.68	
361.161	12.25	
361.371	36.74	
361.581	1.91	
361.791	-9.95	
362.001	-9.95	
362.211	-8.8	
362.421	29.09	
362.631	1.15	
362.841	22.2	
363.051	35.98	
363.261	21.43	
363.47	29.47	
363.68	26.03	
363.89	-0.38	
364.1	-16.08	
364.31	-5.36	
364.52	40.95	
364.729	22.2	
364.939	44.78	
365.149	2.3	
365.359	16.08	
365.568	9.19	
365.778	48.23	
365.988	-15.69	
366.197	30.24	
366.407	9.95	
366.617	34.45	
366.826	29.09	
367.036	26.03	
367.246	3.44	
367.455	10.33	
367.665	18.37	
367.874	-13.4	
368.084	-1.91	
368.294	11.48	
368.503	10.33	
368.713	-12.63	
368.922	15.31	
369.132	44.4	
369.341	11.48	
369.551	23.35	
369.76	32.53	
369.969	19.14	
370.179	28.71	
370.388	65.07	
370.598	12.63	
370.807	19.52	
371.016	21.43	
371.226	26.41	
371.435	4.98	
371.644	-5.36	
371.854	25.64	
372.063	28.71	
372.272	10.72	
372.482	22.96	
372.691	48.99	
372.9	7.65	
373.109	18.37	
373.318	36.74	
373.528	10.72	
373.737	2.68	
373.946	18.75	
374.155	37.89	
374.364	32.53	
374.573	26.03	
374.782	8.42	
374.992	70.81	
375.201	6.51	
375.41	35.98	
375.619	3.06	
375.828	26.03	
376.037	12.25	
376.246	39.81	
376.455	20.67	
376.664	25.26	
376.873	25.26	
377.082	45.55	
377.291	21.05	
377.5	47.46	
377.709	5.36	
377.917	38.27	
378.126	-22.2	
378.335	35.6	
378.544	-1.15	
378.753	4.21	
378.962	-6.12	
379.17	-1.91	
379.379	21.82	
379.588	32.92	
379.797	53.97	
380.006	10.72	
380.214	-9.57	
380.423	32.53	
380.632	5.36	
380.84	36.74	
381.049	19.14	
381.258	42.87	
381.466	41.34	
381.675	56.26	
381.884	34.83	
382.092	30.62	
382.301	44.02	
382.51	48.61	
382.718	2.3	
382.927	31	
383.135	35.6	
383.344	19.52	
383.552	39.42	
383.761	45.16	
383.969	14.54	
384.178	31.38	
384.386	22.96	
384.595	17.99	
384.803	-7.27	
385.011	64.3	
385.22	33.68	
385.428	4.21	
385.637	73.87	
385.845	32.92	
386.053	62	
386.262	62.39	
386.47	8.8	
386.678	7.65	
386.887	35.21	
387.095	55.88	
387.303	74.25	
387.511	46.69	
387.72	51.29	
387.928	26.41	
388.136	22.96	
388.344	21.05	
388.552	44.78	
388.76	63.15	
388.969	35.98	
389.177	40.95	
389.385	56.26	
389.593	55.88	
389.801	32.53	
390.009	53.58	
390.217	66.21	
390.425	43.63	
390.633	76.17	
390.841	73.49	
391.049	68.51	
391.257	111	
391.465	91.48	
391.673	168.79	
391.881	132.43	
392.089	247.25	
392.297	264.86	
392.505	346.38	
392.713	375.85	
392.921	520.15	
393.129	626.93	
393.336	794.19	
393.544	997.81	
393.752	1166.6	
393.96	1338.83	
394.168	1648.85	
394.375	1901.46	
394.583	2289.95	
394.791	2632.12	
394.999	3061.55	
395.206	3411.38	
395.414	3944.16	
395.622	4422.58	
395.829	4800.73	
396.037	5538.66	
396.245	6100.14	
396.452	6788.31	
396.66	7580.21	
396.868	8371.72	
397.075	9391.34	
397.283	10533.06	
397.49	11492.59	
397.698	12199.9	
397.905	14306.51	
398.113	15315.04	
398.32	16976.14	
398.528	17553.7	
398.735	19316.61	
398.943	20437.66	
399.15	22562.26	
399.358	24021.27	
399.565	25594.34	
399.772	26057.08	
399.98	27384.43	
400.187	27650.05	
400.395	29050.88	
400.602	28929.17	
400.809	30101.51	
401.017	30394.69	
401.224	29971.76	
401.431	29069.64	
401.638	29230.39	
401.846	27808.89	
402.053	27028.47	
402.26	25615.39	
402.467	24152.93	
402.675	23615.56	
402.882	22797.26	
403.089	20074.82	
403.296	19391.62	
403.503	17366.54	
403.71	16629.37	
403.917	14594.72	
404.125	13232.54	
404.332	12223.63	
404.539	11129.75	
404.746	10081.81	
404.953	8828.33	
405.16	7523.94	
405.367	7007.62	
405.574	6062.25	
405.781	5322.41	
405.988	4506.4	
406.195	3952.19	
406.402	3388.41	
406.609	2958.98	
406.816	2478.25	
407.022	2134.17	
407.229	1728.08	
407.436	1501.5	
407.643	1198.37	
407.85	1060.2	
408.057	820.22	
408.264	723.38	
408.47	570.67	
408.677	514.02	
408.884	373.94	
409.091	328.78	
409.297	237.3	
409.504	226.97	
409.711	155.78	
409.918	167.64	
410.124	122.86	
410.331	121.71	
410.538	100.66	
410.744	96.07	
410.951	90.71	
411.157	121.33	
411.364	96.07	
411.571	112.14	
411.777	68.89	
411.984	102.57	
412.19	51.67	
412.397	91.48	
412.603	45.16	
412.81	42.48	
413.016	40.95	
413.223	56.65	
413.429	37.13	
413.636	36.74	
413.842	46.31	
414.048	27.56	
414.255	18.37	
414.461	59.71	
414.668	32.92	
414.874	34.06	
415.08	34.06	
415.287	29.09	
415.493	42.48	
415.699	84.97	
415.905	56.65	
416.112	38.27	
416.318	60.09	
416.524	71.57	
416.73	32.15	
416.937	19.52	
417.143	44.4	
417.349	59.71	
417.555	36.74	
417.761	25.26	
417.967	74.25	
418.174	29.47	
418.38	2.68	
418.586	40.95	
418.792	45.16	
418.998	49.37	
419.204	31.38	
419.41	20.29	
419.616	26.41	
419.822	41.34	
420.028	39.81	
420.234	56.26	
420.44	48.99	
420.646	57.03	
420.852	26.41	
421.058	68.51	
421.264	22.2	
421.469	28.32	
421.675	11.1	
421.881	53.58	
422.087	57.03	
422.293	71.96	
422.499	21.43	
422.705	45.55	
422.91	16.46	
423.116	59.33	
423.322	-1.91	
423.528	26.03	
423.733	4.98	
423.939	17.22	
424.145	-3.83	
424.35	39.81	
424.556	8.8	
424.762	41.34	
424.967	26.03	
425.173	20.29	
425.379	68.13	
425.584	46.31	
425.79	39.42	
425.995	-8.8	
426.201	19.14	
426.406	30.62	
426.612	1.15	
426.817	23.35	
427.023	24.5	
427.228	6.89	
427.434	8.04	
427.639	29.47	
427.845	35.21	
428.05	-2.68	
428.256	32.92	
428.461	40.57	
428.666	45.93	
428.872	17.99	
429.077	39.81	
429.282	28.32	
429.488	-1.53	
429.693	27.56	
429.898	-14.54	
430.104	45.55	
430.309	47.46	
430.514	46.31	
430.719	22.58	
430.925	13.4	
431.13	33.68	
431.335	-2.68	
431.54	-14.54	
431.745	35.6	
431.95	8.42	
432.156	20.29	
432.361	-9.95	
432.566	34.45	
432.771	36.36	
432.976	3.06	
433.181	44.02	
433.386	27.94	
433.591	19.9	
433.796	29.09	
434.001	44.02	
434.206	65.83	
434.411	95.69	
434.616	149.65	
434.821	185.25	
435.026	179.51	
435.231	197.49	
435.436	155.78	
435.641	135.11	
435.845	124.77	
436.05	87.65	
436.255	128.98	
436.46	84.59	
436.665	97.6	
436.87	83.82	
437.074	80.38	
437.279	73.49	
437.484	66.6	
437.689	27.94	
437.893	65.83	
438.098	64.3	
438.303	83.06	
438.507	29.85	
438.712	52.05	
438.917	26.79	
439.121	61.24	
439.326	24.5	
439.531	11.87	
439.735	-7.27	
439.94	36.36	
440.144	8.42	
440.349	-0.77	
440.553	49.76	
440.758	49.76	
440.962	15.69	
441.167	42.1	
441.371	28.32	
441.576	35.6	
441.78	15.69	
441.985	50.9	
442.189	27.94	
442.394	21.43	
442.598	43.63	
442.802	55.11	
443.007	6.89	
443.211	27.56	
443.415	11.87	
443.62	25.26	
443.824	6.12	
444.028	37.13	
444.232	4.98	
444.437	53.2	
444.641	46.31	
444.845	24.88	
445.049	21.82	
445.254	22.96	
445.458	36.36	
445.662	29.09	
445.866	22.2	
446.07	26.79	
446.274	-1.91	
446.478	48.61	
446.683	17.61	
446.887	27.17	
447.091	4.21	
447.295	16.46	
447.499	32.92	
447.703	34.45	
447.907	44.02	
448.111	24.5	
448.315	16.84	
448.519	42.1	
448.723	-6.51	
448.927	-10.33	
449.13	15.31	
449.334	51.29	
449.538	22.2	
449.742	9.57	
449.946	38.27	
450.15	29.47	
450.354	2.3	
450.557	57.03	
450.761	40.19	
450.965	43.25	
451.169	29.09	
451.373	28.32	
451.576	18.37	
451.78	27.17	
451.984	-1.91	
452.187	70.81	
452.391	58.94	
452.595	29.85	
452.798	32.92	
453.002	72.34	
453.206	47.08	
453.409	34.06	
453.613	39.04	
453.816	19.52	
454.02	4.21	
454.224	35.6	
454.427	27.56	
454.631	33.3	
454.834	1.91	
455.038	37.89	
455.241	47.46	
455.445	36.36	
455.648	12.63	
455.851	43.25	
456.055	40.19	
456.258	-0.38	
456.462	57.79	
456.665	46.31	
456.868	54.73	
457.072	36.36	
457.275	16.46	
457.478	9.57	
457.682	-8.8	
457.885	71.57	
458.088	11.87	
458.291	17.61	
458.495	42.1	
458.698	16.46	
458.901	5.74	
459.104	19.14	
459.307	10.72	
459.511	20.29	
459.714	35.6	
459.917	37.51	
460.12	37.51	
460.323	18.75	
460.526	23.73	
460.729	7.65	
460.932	40.57	
461.135	35.98	
461.338	15.31	
461.541	32.15	
461.744	-20.67	
461.947	19.9	
462.15	3.83	
462.353	15.31	
462.556	10.72	
462.759	31.77	
462.962	-1.15	
463.165	45.93	
463.368	-14.93	
463.571	24.5	
463.774	25.64	
463.976	-16.84	
464.179	24.88	
464.382	42.1	
464.585	10.33	
464.788	19.14	
464.99	26.79	
465.193	6.12	
465.396	6.51	
465.599	19.14	
465.801	8.42	
466.004	6.89	
466.207	6.89	
466.409	3.06	
466.612	8.42	
466.815	52.82	
467.017	29.09	
467.22	11.87	
467.422	18.75	
467.625	7.65	
467.827	29.85	
468.03	24.11	
468.233	44.78	
468.435	27.17	
468.638	44.78	
468.84	6.51	
469.042	41.72	
469.245	23.35	
469.447	22.96	
469.65	52.44	
469.852	-2.68	
470.055	29.85	
470.257	-12.25	
470.459	21.82	
470.662	3.83	
470.864	-16.84	
471.066	15.31	
471.269	11.48	
471.471	37.51	
471.673	11.87	
471.875	36.36	
472.078	31.38	
472.28	14.16	
472.482	-9.95	
472.684	-13.4	
472.886	31.77	
473.089	7.65	
473.291	16.08	
473.493	-5.36	
473.695	19.9	
473.897	17.99	
474.099	19.14	
474.301	42.1	
474.503	47.46	
474.705	58.56	
474.907	-6.12	
475.109	13.01	
475.311	22.96	
475.513	21.82	
475.715	25.26	
475.917	-6.89	
476.119	50.14	
476.321	32.53	
476.523	45.16	
476.725	16.84	
476.927	4.21	
477.129	9.57	
477.331	15.31	
477.533	-22.2	
477.734	11.1	
477.936	60.86	
478.138	-3.83	
478.34	36.36	
478.541	43.63	
478.743	-35.98	
478.945	3.44	
479.147	49.37	
479.348	6.89	
479.55	37.51	
479.752	27.94	
479.953	26.41	
480.155	30.62	
480.357	26.79	
480.558	18.37	
480.76	36.36	
480.961	35.21	
481.163	24.11	
481.365	22.96	
481.566	34.83	
481.768	12.25	
481.969	46.31	
482.171	48.23	
482.372	37.89	
482.574	40.57	
482.775	28.32	
482.976	38.66	
483.178	60.47	
483.379	38.27	
483.581	38.66	
483.782	3.06	
483.983	82.29	
484.185	78.08	
484.386	70.04	
484.587	47.46	
484.789	56.26	
484.99	112.91	
485.191	53.97	
485.392	97.98	
485.594	108.32	
485.795	82.29	
485.996	54.73	
486.197	90.71	
486.399	84.59	
486.6	98.36	
486.801	85.35	
487.002	60.09	
487.203	91.09	
487.404	99.51	
487.605	70.42	
487.806	94.92	
488.007	78.08	
488.208	94.92	
488.409	84.59	
488.611	77.7	
488.812	79.23	
489.012	107.55	
489.213	118.27	
489.414	120.18	
489.615	103.72	
489.816	70.81	
490.017	88.03	
490.218	94.92	
490.419	53.97	
490.62	76.55	
490.821	78.84	
491.021	59.71	
491.222	55.88	
491.423	62	
491.624	90.71	
491.825	57.79	
492.025	28.71	
492.226	79.61	
492.427	61.24	
492.628	71.19	
492.828	73.87	
493.029	69.28	
493.23	83.82	
493.43	76.55	
493.631	39.81	
493.832	53.97	
494.032	64.3	
494.233	39.04	
494.433	70.42	
494.634	65.45	
494.834	83.44	
495.035	27.56	
495.235	83.44	
495.436	50.14	
495.636	39.81	
495.837	21.43	
496.037	60.09	
496.238	23.35	
496.438	43.25	
496.639	70.81	
496.839	42.48	
497.039	73.87	
497.24	67.75	
497.44	52.44	
497.64	35.6	
497.841	71.57	
498.041	37.13	
498.241	19.9	
498.442	62	
498.642	53.58	
498.842	25.64	
499.042	39.42	
499.243	37.51	
499.443	22.2	
499.643	26.41	
499.843	27.17	
500.043	-1.53	
500.243	40.57	
500.444	11.48	
500.644	21.82	
500.844	17.22	
501.044	-14.54	
501.244	-8.42	
501.444	-10.72	
501.644	45.93	
501.844	-3.06	
502.044	1.53	
502.244	32.15	
502.444	-11.48	
502.644	32.53	
502.844	28.71	
503.044	-12.63	
503.244	6.51	
503.444	-3.44	
503.643	30.62	
503.843	40.95	
504.043	-6.12	
504.243	11.87	
504.443	-0	
504.643	5.74	
504.842	5.74	
505.042	18.75	
505.242	1.91	
505.442	36.74	
505.641	6.51	
505.841	37.13	
506.041	-4.59	
506.241	12.25	
506.44	12.25	
506.64	12.25	
506.839	-8.42	
507.039	11.87	
507.239	3.44	
507.438	-16.46	
507.638	27.56	
507.837	22.96	
508.037	4.21	
508.237	55.11	
508.436	17.99	
508.636	9.57	
508.835	11.87	
509.034	30.24	
509.234	0.77	
509.433	13.4	
509.633	9.95	
509.832	8.04	
510.032	-3.83	
510.231	3.83	
510.43	-27.56	
510.63	30.24	
510.829	4.98	
511.028	18.37	
511.228	0.77	
511.427	-13.4	
511.626	15.69	
511.825	14.93	
512.025	1.91	
512.224	-6.51	
512.423	11.48	
512.622	-15.31	
512.822	10.33	
513.021	4.59	
513.22	11.87	
513.419	14.54	
513.618	7.27	
513.817	3.06	
514.016	8.04	
514.215	0.38	
514.414	39.42	
514.613	8.42	
514.813	-20.29	
515.012	14.16	
515.211	31	
515.409	-16.08	
515.608	21.82	
515.807	2.3	
516.006	12.63	
516.205	27.94	
516.404	17.61	
516.603	12.25	
516.802	-11.1	
517.001	29.47	
517.2	10.72	
517.398	22.96	
517.597	17.22	
517.796	17.22	
517.995	17.99	
518.194	3.44	
518.392	-6.51	
518.591	-1.53	
518.79	-15.69	
518.989	11.87	
519.187	39.04	
519.386	0.77	
519.585	14.16	
519.783	9.57	
519.982	18.37	
520.18	9.57	
520.379	-28.71	
520.578	11.48	
520.776	5.36	
520.975	-10.33	
521.173	-0.77	
521.372	-1.91	
521.57	-46.69	
521.769	5.74	
521.967	19.14	
522.166	-3.44	
522.364	-8.8	
522.563	12.25	
522.761	-6.89	
522.96	3.44	
523.158	-7.65	
523.356	32.92	
523.555	-6.89	
523.753	-11.87	
523.951	6.12	
524.15	36.36	
524.348	-0.77	
524.546	25.26	
524.744	24.5	
524.943	30.62	
525.141	20.29	
525.339	-3.83	
525.537	-13.78	
525.736	24.88	
525.934	-8.8	
526.132	8.8	
526.33	-14.93	
526.528	14.16	
526.726	32.92	
526.924	10.72	
527.122	-7.27	
527.32	-10.72	
527.518	7.65	
527.717	16.84	
527.915	35.6	
528.113	-20.29	
528.311	6.89	
528.509	-44.78	
528.706	-8.04	
528.904	37.51	
529.102	-15.69	
529.3	-4.59	
529.498	17.22	
529.696	34.45	
529.894	8.42	
530.092	-16.08	
530.29	-23.35	
530.487	3.44	
530.685	23.73	
530.883	6.89	
531.081	5.74	
531.278	4.21	
531.476	-19.9	
531.674	9.19	
531.872	4.59	
532.069	-14.16	
532.267	50.9	
532.465	8.04	
532.662	-3.83	
532.86	26.03	
533.058	-1.53	
533.255	58.94	
533.453	-22.96	
533.65	7.27	
533.848	71.57	
534.045	17.99	
534.243	18.37	
534.441	23.35	
534.638	1.91	
534.835	38.66	
535.033	48.99	
535.23	-6.51	
535.428	-27.56	
535.625	30.24	
535.823	22.96	
536.02	1.15	
536.217	28.71	
536.415	63.15	
536.612	11.1	
536.809	15.69	
537.007	30.24	
537.204	53.2	
537.401	39.42	
537.599	27.56	
537.796	24.5	
537.993	48.61	
538.19	53.2	
538.387	59.33	
538.585	104.49	
538.782	42.1	
538.979	73.49	
539.176	120.56	
539.373	114.44	
539.57	103.34	
539.767	119.03	
539.965	178.74	
540.162	174.15	
540.359	174.15	
540.556	224.29	
540.753	262.18	
540.95	270.98	
541.147	318.44	
541.344	332.99	
541.541	345.23	
541.738	355.95	
541.934	393.08	
542.131	350.21	
542.328	329.16	
542.525	348.68	
542.722	338.73	
542.919	355.95	
543.116	344.85	
543.312	316.53	
543.509	303.13	
543.706	359.39	
543.903	329.92	
544.1	346.76	
544.296	378.15	
544.493	334.9	
544.69	361.31	
544.886	352.51	
545.083	408.77	
545.28	418.34	
545.476	432.5	
545.673	418.34	
545.87	421.02	
546.066	404.18	
546.263	367.05	
546.459	339.49	
546.656	349.83	
546.852	295.48	
547.049	261.03	
547.245	272.51	
547.442	249.55	
547.638	223.52	
547.835	243.42	
548.031	235	
548.228	209.36	
548.424	226.58	
548.621	195.58	
548.817	158.84	
549.013	180.65	
549.21	153.48	
549.406	165.73	
549.602	127.45	
549.799	117.5	
549.995	118.27	
550.191	115.97	
550.387	114.06	
550.584	80.38	
550.78	77.7	
550.976	116.35	
551.172	77.7	
551.368	125.92	
551.565	91.86	
551.761	62.77	
551.957	77.31	
552.153	78.84	
552.349	49.76	
552.545	86.12	
552.741	42.87	
552.937	54.73	
553.133	65.83	
553.329	55.11	
553.525	55.88	
553.721	52.82	
553.917	37.13	
554.113	37.51	
554.309	38.27	
554.505	41.34	
554.701	6.51	
554.897	27.17	
555.093	38.27	
555.289	18.37	
555.485	4.98	
555.68	13.01	
555.876	46.69	
556.072	-17.22	
556.268	3.44	
556.464	-0.77	
556.659	45.16	
556.855	-1.91	
557.051	12.25	
557.247	28.71	
557.442	46.31	
557.638	9.19	
557.834	-3.44	
558.029	16.08	
558.225	14.16	
558.42	-13.78	
558.616	-3.83	
558.812	37.13	
559.007	-3.44	
559.203	27.17	
559.398	51.29	
559.594	-11.87	
559.789	6.89	
559.985	15.31	
560.18	-16.08	
560.376	46.69	
560.571	-7.27	
560.767	22.96	
560.962	-22.58	
561.157	-2.3	
561.353	-2.3	
561.548	42.48	
561.744	25.26	
561.939	16.08	
562.134	19.14	
562.33	-15.69	
562.525	-27.94	
562.72	42.48	
562.915	30.62	
563.111	1.53	
563.306	-18.75	
563.501	6.51	
563.696	-17.99	
563.891	1.53	
564.087	-14.16	
564.282	67.36	
564.477	18.75	
564.672	26.03	
564.867	-50.14	
565.062	35.98	
565.257	6.51	
565.452	26.41	
565.647	-16.84	
565.842	1.53	
566.037	20.67	
566.232	2.3	
566.427	-10.33	
566.622	29.47	
566.817	-14.93	
567.012	-10.33	
567.207	9.57	
567.402	-17.22	
567.597	-27.56	
567.792	27.94	
567.987	51.67	
568.181	44.02	
568.376	-28.32	
568.571	8.8	
568.766	35.6	
568.961	5.74	
569.155	28.71	
569.35	-21.82	
569.545	-7.27	
569.739	16.08	
569.934	-26.03	
570.129	-8.8	
570.323	22.58	
570.518	-29.09	
570.713	32.53	
570.907	5.74	
571.102	-1.91	
571.297	18.37	
571.491	-12.25	
571.686	-29.85	
571.88	-21.05	
572.075	16.08	
572.269	-9.95	
572.464	8.04	
572.658	11.1	
572.853	6.89	
573.047	-29.85	
573.242	-14.93	
573.436	15.31	
573.63	32.15	
573.825	32.15	
574.019	-10.33	
574.213	-28.71	
574.408	15.31	
574.602	20.29	
574.796	38.27	
574.991	-10.72	
575.185	18.37	
575.379	-13.4	
575.573	-15.69	
575.768	-1.91	
575.962	37.89	
576.156	32.53	
576.35	39.81	
576.544	42.1	
576.738	16.08	
576.933	29.47	
577.127	25.26	
577.321	39.42	
577.515	36.74	
577.709	13.01	
577.903	9.95	
578.097	34.06	
578.291	24.88	
578.485	11.87	
578.679	27.56	
578.873	48.99	
579.067	-1.91	
579.261	45.93	
579.455	70.81	
579.649	31	
579.843	33.3	
580.036	11.87	
580.23	78.08	
580.424	69.66	
580.618	88.41	
580.812	45.55	
581.006	41.72	
581.199	2.68	
581.393	26.03	
581.587	53.97	
581.781	70.04	
581.974	60.47	
582.168	83.06	
582.362	44.78	
582.555	78.46	
582.749	86.88	
582.943	83.06	
583.136	26.41	
583.33	84.97	
583.523	63.54	
583.717	48.61	
583.911	85.73	
584.104	61.62	
584.298	57.41	
584.491	76.93	
584.685	51.67	
584.878	74.25	
585.072	56.26	
585.265	69.28	
585.458	71.19	
585.652	67.75	
585.845	62.77	
586.039	47.46	
586.232	51.29	
586.425	63.54	
586.619	59.71	
586.812	100.66	
587.005	57.41	
587.199	84.97	
587.392	61.24	
587.585	128.22	
587.778	51.67	
587.972	75.78	
588.165	32.15	
588.358	104.49	
588.551	55.5	
588.744	42.48	
588.937	71.19	
589.131	32.15	
589.324	71.19	
589.517	58.18	
589.71	37.51	
589.903	38.27	
590.096	33.3	
590.289	34.45	
590.482	25.64	
590.675	48.23	
590.868	0.77	
591.061	48.61	
591.254	23.73	
591.447	27.56	
591.64	14.16	
591.833	78.46	
592.026	24.11	
592.218	81.91	
592.411	56.26	
592.604	68.13	
592.797	40.95	
592.99	49.37	
593.183	38.66	
593.375	42.48	
593.568	15.69	
593.761	40.57	
593.954	15.31	
594.146	32.92	
594.339	56.26	
594.532	57.41	
594.724	29.47	
594.917	34.83	
595.11	-8.42	
595.302	35.21	
595.495	29.85	
595.687	29.85	
595.88	16.84	
596.073	33.3	
596.265	-1.91	
596.458	13.4	
596.65	40.57	
596.843	37.13	
597.035	32.53	
597.228	-8.42	
597.42	-8.8	
597.612	36.74	
597.805	16.84	
597.997	73.1	
598.19	1.15	
598.382	35.6	
598.574	25.64	
598.767	4.59	
598.959	0.38	
599.151	11.48	
599.344	28.32	
599.536	100.66	
599.728	45.55	
599.92	14.54	
600.113	22.2	
600.305	46.31	
600.497	1.15	
600.689	32.53	
600.881	31.77	
601.073	24.5	
601.266	25.26	
601.458	45.16	
601.65	7.65	
601.842	14.16	
602.034	7.65	
602.226	-5.36	
602.418	27.17	
602.61	9.57	
602.802	-0	
602.994	19.52	
603.186	8.42	
603.378	30.24	
603.57	27.56	
603.762	16.08	
603.954	-15.69	
604.146	16.84	
604.337	17.99	
604.529	19.14	
604.721	14.93	
604.913	32.53	
605.105	-9.95	
605.297	37.13	
605.488	9.57	
605.68	6.51	
605.872	12.25	
606.064	42.48	
606.255	16.08	
606.447	15.31	
606.639	8.42	
606.83	17.22	
607.022	45.16	
607.214	16.08	
607.405	40.19	
607.597	34.83	
607.788	31.77	
607.98	10.72	
608.171	26.03	
608.363	41.34	
608.554	28.71	
608.746	71.57	
608.937	57.79	
609.129	32.92	
609.32	89.56	
609.512	97.98	
609.703	105.64	
609.895	152.71	
610.086	207.06	
610.277	231.18	
610.469	269.83	
610.66	408.77	
610.851	382.36	
611.043	386.95	
611.234	402.64	
611.425	421.02	
611.617	360.54	
611.808	344.09	
611.999	318.82	
612.19	245.34	
612.381	256.82	
612.573	250.7	
612.764	246.1	
612.955	237.68	
613.146	190.99	
613.337	215.48	
613.528	199.41	
613.719	156.54	
613.91	107.17	
614.101	145.06	
614.292	161.13	
614.483	140.08	
614.674	105.64	
614.865	109.08	
615.056	119.03	
615.247	97.98	
615.438	120.95	
615.629	96.07	
615.82	75.4	
616.011	38.66	
616.202	65.45	
616.393	53.97	
616.584	52.82	
616.774	62.77	
616.965	61.24	
617.156	81.91	
617.347	23.73	
617.538	22.96	
617.728	46.69	
617.919	52.05	
618.11	25.64	
618.3	19.14	
618.491	37.51	
618.682	66.6	
618.872	6.51	
619.063	47.46	
619.254	53.2	
619.444	49.76	
619.635	44.78	
619.825	46.69	
620.016	45.55	
620.207	53.97	
620.397	69.66	
620.588	32.92	
620.778	-1.91	
620.969	63.15	
621.159	40.95	
621.349	25.26	
621.54	69.66	
621.73	45.16	
621.921	47.46	
622.111	49.76	
622.301	59.33	
622.492	41.34	
622.682	25.26	
622.872	43.25	
623.063	19.52	
623.253	15.31	
623.443	18.75	
623.633	46.31	
623.824	40.19	
624.014	31	
624.204	1.91	
624.394	41.34	
624.584	62	
624.775	47.08	
624.965	22.2	
625.155	-6.51	
625.345	50.9	
625.535	49.37	
625.725	53.97	
625.915	37.13	
626.105	46.69	
626.295	33.68	
626.485	45.55	
626.675	1.53	
626.865	35.21	
627.055	34.45	
627.245	40.19	
627.435	46.69	
627.625	29.09	
627.815	26.79	
628.005	87.65	
628.194	32.15	
628.384	15.31	
628.574	14.16	
628.764	34.83	
628.954	33.68	
629.143	2.3	
629.333	23.35	
629.523	68.89	
629.713	32.53	
629.902	71.19	
630.092	57.41	
630.282	47.08	
630.471	59.33	
630.661	26.79	
630.851	55.88	
631.04	66.6	
631.23	79.23	
631.419	35.6	
631.609	89.56	
631.799	61.24	
631.988	70.04	
632.178	33.3	
632.367	9.19	
632.557	22.96	
632.746	40.57	
632.935	-1.15	
633.125	39.04	
633.314	-23.35	
633.504	37.51	
633.693	30.62	
633.882	7.27	
634.072	-21.05	
634.261	13.78	
634.45	21.43	
634.64	47.08	
634.829	0.77	
635.018	-14.93	
635.208	37.13	
635.397	2.68	
635.586	11.1	
635.775	10.72	
635.964	2.68	
636.154	25.26	
636.343	-27.17	
636.532	-4.59	
636.721	-24.88	
636.91	21.82	
637.099	-21.05	
637.288	3.06	
637.477	31	
637.666	22.58	
637.855	19.14	
638.044	5.36	
638.233	-10.33	
638.422	-3.83	
638.611	19.52	
638.8	19.9	
638.989	-15.31	
639.178	31.77	
639.367	8.42	
639.556	2.68	
639.745	19.9	
639.934	-3.44	
640.122	-2.3	
640.311	13.4	
640.5	-20.29	
640.689	-27.17	
640.878	28.71	
641.066	-9.95	
641.255	20.29	
641.444	-24.11	
641.633	39.81	
641.821	26.79	
642.01	-15.31	
642.199	17.99	
642.387	-3.83	
642.576	9.95	
642.764	7.27	
642.953	17.99	
643.142	20.67	
643.33	35.21	
643.519	-0	
643.707	15.69	
643.896	0.38	
644.084	0.38	
644.273	-11.87	
644.461	13.4	
644.649	22.2	
644.838	-12.63	
645.026	-0	
645.215	18.75	
645.403	9.19	
645.591	9.19	
645.78	11.48	
645.968	-3.44	
646.156	-4.21	
646.345	4.21	
646.533	-9.19	
646.721	13.01	
646.909	16.08	
647.098	20.29	
647.286	6.12	
647.474	35.6	
647.662	-33.3	
647.85	-3.44	
648.039	-25.64	
648.227	9.57	
648.415	15.31	
648.603	-32.92	
648.791	40.19	
648.979	35.98	
649.167	2.68	
649.355	34.06	
649.543	-6.51	
649.731	-1.53	
649.919	17.99	
650.107	53.2	
650.295	33.3	
650.483	12.63	
650.671	11.87	
650.859	15.69	
651.047	8.8	
651.235	9.57	
651.422	-13.01	
651.61	-20.29	
651.798	5.36	
651.986	14.16	
652.174	16.84	
652.361	7.65	
652.549	27.17	
652.737	7.27	
652.925	0.77	
653.112	-13.01	
653.3	12.63	
653.488	39.81	
653.675	-28.71	
653.863	24.11	
654.051	26.03	
654.238	13.78	
654.426	-23.35	
654.613	25.26	
654.801	13.78	
654.988	-7.65	
655.176	8.42	
655.363	22.2	
655.551	11.87	
655.738	-4.59	
655.926	14.16	
656.113	7.27	
656.301	1.15	
656.488	14.54	
656.675	40.57	
656.863	20.29	
657.05	-17.61	
657.238	18.75	
657.425	2.3	
657.612	45.16	
657.799	-27.17	
657.987	45.16	
658.174	22.2	
658.361	-24.11	
658.548	-13.01	
658.736	25.26	
658.923	11.48	
659.11	25.64	
659.297	18.37	
659.484	6.12	
659.671	17.22	
659.859	-11.48	
660.046	20.29	
660.233	16.08	
660.42	27.94	
660.607	-34.06	
660.794	18.75	
660.981	-27.56	
661.168	-6.12	
661.355	14.93	
661.542	9.57	
661.729	8.42	
661.916	23.73	
662.103	-26.03	
662.289	-13.78	
662.476	34.45	
662.663	-25.26	
662.85	9.95	
663.037	23.35	
663.224	-1.15	
663.41	22.96	
663.597	13.78	
663.784	22.2	
663.971	31.38	
664.157	-2.68	
664.344	10.33	
664.531	-23.35	
664.718	25.26	
664.904	10.33	
665.091	-28.71	
665.277	-41.72	
665.464	-2.3	
665.651	16.46	
665.837	-14.54	
666.024	-4.98	
666.21	-2.68	
666.397	-8.42	
666.583	29.85	
666.77	8.42	
666.956	-41.34	
667.143	10.33	
667.329	2.68	
667.516	22.2	
667.702	27.17	
667.889	34.83	
668.075	-16.84	
668.261	-34.83	
668.448	25.64	
668.634	-1.91	
668.82	40.95	
669.007	26.03	
669.193	3.83	
669.379	11.1	
669.565	-11.1	
669.752	8.42	
669.938	-14.16	
670.124	-33.3	
670.31	24.5	
670.496	26.03	
670.683	-3.44	
670.869	6.51	
671.055	8.42	
671.241	-37.13	
671.427	28.71	
671.613	-6.89	
671.799	20.67	
671.985	6.89	
672.171	-11.48	
672.357	3.06	
672.543	-0.77	
672.729	13.4	
672.915	10.72	
673.101	23.35	
673.287	44.02	
673.473	14.54	
673.659	17.22	
673.844	-16.08	
674.03	36.74	
674.216	19.14	
674.402	42.87	
674.588	12.63	
674.774	-5.36	
674.959	29.47	
675.145	3.06	
675.331	9.19	
675.517	-25.26	
675.702	-19.9	
675.888	30.24	
676.074	-8.8	
676.259	7.65	
676.445	-32.15	
676.631	3.83	
676.816	-1.15	
677.002	-1.53	
677.187	6.51	
677.373	-6.12	
677.558	11.48	
677.744	11.48	
677.929	-26.41	
678.115	13.78	
678.3	5.74	
678.486	-2.3	
678.671	24.11	
678.857	-31.38	
679.042	-16.46	
679.227	-2.68	
679.413	-23.73	
679.598	-15.69	
679.783	22.96	
679.969	4.21	
680.154	-6.51	
680.339	2.3	
680.525	10.33	
680.71	-25.64	
680.895	1.15	
681.08	18.37	
681.266	4.98	
681.451	7.27	
681.636	27.56	
681.821	15.69	
682.006	8.04	
682.191	-9.19	
682.376	-31	
682.561	17.22	
682.747	25.64	
682.932	-0.38	
683.117	-17.22	
683.302	9.95	
683.487	-0.77	
683.672	16.08	
683.857	-4.21	
684.042	14.16	
684.226	-10.72	
684.411	8.42	
684.596	19.9	
684.781	3.83	
684.966	17.99	
685.151	34.06	
685.336	-6.89	
685.521	8.42	
685.705	-1.53	
685.89	-9.19	
686.075	-30.62	
686.26	2.3	
686.444	-22.2	
686.629	4.59	
686.814	-16.46	
686.998	-16.84	
687.183	-13.78	
687.368	-1.15	
687.552	10.33	
687.737	17.99	
687.922	-13.4	
688.106	-18.75	
688.291	0.77	
688.475	-5.74	
688.66	28.71	
688.844	1.53	
689.029	-5.74	
689.213	27.94	
689.398	8.42	
689.582	-17.99	
689.767	-28.71	
689.951	15.31	
690.136	43.63	
690.32	-6.89	
690.504	-9.95	
690.689	15.31	
690.873	-14.93	
691.057	3.83	
691.242	9.95	
691.426	-0	
691.61	4.98	
691.794	20.29	
691.979	-35.98	
692.163	-0.77	
692.347	32.53	
692.531	6.12	
692.715	-6.89	
692.899	14.54	
693.084	6.89	
693.268	32.92	
693.452	-44.4	
693.636	6.12	
693.82	5.36	
694.004	-0	
694.188	4.21	
694.372	-17.22	
694.556	-13.78	
694.74	21.43	
694.924	-6.51	
695.108	-0.77	
695.292	-12.25	
695.476	-2.68	
695.66	15.69	
695.844	-11.1	
696.027	-26.03	
696.211	-26.41	
696.395	-7.65	
696.579	15.31	
696.763	-9.19	
696.946	-7.27	
697.13	-0.77	
697.314	3.83	
697.498	-3.06	
697.681	16.08	
697.865	-4.59	
698.049	16.84	
698.232	-14.16	
698.416	-31.77	
698.6	12.25	
698.783	10.33	
698.967	-22.96	
699.15	15.31	
699.334	9.95	
699.518	10.72	
699.701	-21.05	
699.885	7.27	
700.068	4.21	
700.252	22.2	
700.435	-21.82	
700.618	52.05	
700.802	-21.82	
700.985	-16.46	
701.169	-8.42	
701.352	-44.4	
701.535	29.47	
701.719	47.46	
701.902	-36.74	
702.085	14.54	
702.269	-27.17	
702.452	8.04	
702.635	-6.89	
702.818	-24.5	
703.002	28.71	
703.185	-7.65	
703.368	-3.44	
703.551	25.26	
703.734	-11.1	
703.918	-14.16	
704.101	-9.57	
704.284	11.87	
704.467	-6.12	
704.65	9.57	
704.833	-7.27	
705.016	58.94	
705.199	19.14	
705.382	16.46	
705.565	13.01	
705.748	6.89	
705.931	-3.06	
706.114	-4.21	
706.297	29.47	
706.48	11.87	
706.663	34.45	
706.845	52.44	
707.028	27.56	
707.211	4.59	
707.394	15.69	
707.577	8.8	
707.76	11.1	
707.942	-6.89	
708.125	-1.15	
708.308	83.44	
708.49	4.21	
708.673	-6.12	
708.856	23.73	
709.039	-0	
709.221	57.79	
709.404	21.43	
709.586	26.03	
709.769	24.5	
709.952	16.46	
710.134	-4.98	
710.317	-13.4	
710.499	35.6	
710.682	-14.16	
710.864	4.59	
711.047	-14.16	
711.229	26.79	
711.412	-9.19	
711.594	55.5	
711.776	39.42	
711.959	33.3	
712.141	16.84	
712.324	-17.22	
712.506	-6.51	
712.688	36.36	
712.871	5.36	
713.053	-8.8	
713.235	24.11	
713.417	6.12	
713.6	14.54	
713.782	21.82	
713.964	-0.38	
714.146	-15.69	
714.328	11.1	
714.511	3.06	
714.693	-9.19	
714.875	-5.74	
715.057	9.95	
715.239	-36.36	
715.421	0.77	
715.603	-35.98	
715.785	11.87	
715.967	-34.06	
716.149	-0.38	
716.331	-0.77	
716.513	0.77	
716.695	-2.68	
716.877	13.4	
717.059	-13.78	
717.241	8.42	
717.423	-47.46	
717.605	10.33	
717.786	-10.72	
717.968	8.04	
718.15	-28.71	
718.332	-30.62	
718.514	-9.57	
718.695	-27.94	
718.877	3.06	
719.059	1.53	
719.241	-37.89	
719.422	4.98	
719.604	9.95	
719.786	-35.98	
719.967	-20.29	
720.149	-14.93	
720.331	-9.57	
720.512	-16.46	
720.694	19.9	
720.875	-45.55	
721.057	3.06	
721.238	-4.21	
721.42	27.17	
721.601	-24.88	
721.783	-46.69	
721.964	-37.13	
722.146	22.96	
722.327	-45.16	
722.509	6.89	
722.69	3.83	
722.871	3.06	
723.053	-37.13	
723.234	-13.01	
723.415	-19.52	
723.597	39.81	
723.778	-4.98	
723.959	-0.77	
724.14	-43.25	
724.322	7.27	
724.503	-17.61	
724.684	2.68	
724.865	-0.77	
725.047	1.91	
725.228	-37.13	
725.409	-0.77	
725.59	-24.88	
725.771	5.74	
725.952	-12.25	
726.133	31.77	
726.314	-19.14	
726.495	-0.38	
726.676	-20.67	
726.857	-12.25	
727.038	-11.1	
727.219	16.84	
727.4	1.91	
727.581	-8.8	
727.762	-11.87	
727.943	31.77	
728.124	14.16	
728.305	-29.85	
728.485	9.95	
728.666	9.95	
728.847	-40.19	
729.028	-8.04	
729.209	-3.06	
729.389	-7.65	
729.57	25.26	
729.751	28.32	
729.932	-13.78	
730.112	9.95	
730.293	12.63	
730.474	20.29	
730.654	-38.66	
730.835	-21.43	
731.015	24.5	
731.196	-0	
731.377	-20.29	
731.557	3.83	
731.738	-2.68	
731.918	7.65	
732.099	15.31	
732.279	-10.33	
732.46	20.29	
732.64	8.8	
732.821	36.36	
733.001	27.17	
733.181	-6.89	
733.362	-19.52	
733.542	-4.21	
733.722	-23.73	
733.903	15.31	
734.083	7.65	
734.263	-8.8	
734.444	8.8	
734.624	3.44	
734.804	-17.99	
734.984	12.63	
735.165	-2.68	
735.345	-15.69	
735.525	19.14	
735.705	8.04	
735.885	-8.8	
736.065	9.95	
736.246	18.37	
736.426	5.74	
736.606	42.48	
736.786	4.59	
736.966	4.59	
737.146	-1.15	
737.326	6.89	
737.506	-6.12	
737.686	-22.2	
737.866	-42.48	
738.046	15.69	
738.226	-33.3	
738.405	-24.11	
738.585	8.04	
738.765	9.95	
738.945	-18.37	
739.125	20.67	
739.305	-31.38	
739.485	-24.88	
739.664	-19.14	
739.844	-19.14	
740.024	-1.53	
740.204	8.8	
740.383	-19.14	
740.563	-14.93	
740.743	-2.3	
740.922	-4.98	
741.102	-26.79	
741.282	34.45	
741.461	19.14	
741.641	4.98	
741.82	-24.88	
742	-8.04	
742.179	11.1	
742.359	17.61	
742.538	-35.98	
742.718	-2.68	
742.897	-11.1	
743.077	17.22	
743.256	13.01	
743.436	0.38	
743.615	-20.67	
743.795	-23.73	
743.974	-43.25	
744.153	-5.74	
744.333	-38.27	
744.512	14.16	
744.691	-2.68	
744.87	17.99	
745.05	5.74	
745.229	8.42	
745.408	-26.41	
745.587	0.38	
745.767	-34.83	
745.946	24.11	
746.125	-6.12	
746.304	28.71	
746.483	-8.8	
746.662	-25.26	
746.841	-6.51	
747.02	-7.27	
747.2	33.3	
747.379	-11.48	
747.558	-6.51	
747.737	-48.23	
747.916	-13.78	
748.095	31.77	
748.274	42.87	
748.452	-31.38	
748.631	-9.19	
748.81	11.87	
748.989	0.77	
749.168	-9.57	
749.347	-6.89	
749.526	-6.12	
749.705	-28.71	
749.883	7.65	
750.062	0.38	
750.241	9.95	
750.42	-10.72	
750.598	27.56	
750.777	-15.31	
750.956	15.31	
751.134	8.04	
751.313	24.11	
751.492	-6.89	
751.67	-14.16	
751.849	-9.95	
752.028	-6.12	
752.206	-6.12	
752.385	16.84	
752.563	22.58	
752.742	-29.47	
752.92	-9.95	
753.099	13.4	
753.277	11.87	
753.456	3.06	
753.634	38.27	
753.812	5.36	
753.991	-15.69	
754.169	19.52	
754.348	21.43	
754.526	-5.74	
754.704	-45.16	
754.883	-2.3	
755.061	15.69	
755.239	24.88	
755.417	-34.45	
755.596	3.06	
755.774	-50.9	
755.952	-6.12	
756.13	-55.5	
756.308	10.72	
756.487	-8.04	
756.665	-9.57	
756.843	-22.2	
757.021	16.84	
757.199	-14.54	
757.377	-1.53	
757.555	0.38	
757.733	-12.63	
757.911	24.88	
758.089	34.06	
758.267	-9.95	
758.445	-2.3	
758.623	-49.37	
758.801	29.09	
758.979	43.63	
759.157	8.8	
759.335	-20.67	
759.513	16.46	
759.69	-0.77	
759.868	8.42	
760.046	1.15	
760.224	62.39	
760.402	8.8	
760.579	10.72	
760.757	-17.61	
760.935	17.99	
761.113	-19.52	
761.29	-5.36	
761.468	14.16	
761.646	4.21	
761.823	-15.69	
762.001	-5.36	
762.178	-27.94	
762.356	-15.69	
762.534	-37.51	
762.711	-4.59	
762.889	-3.06	
763.066	6.89	
763.244	-0	
763.421	12.63	
763.599	17.99	
763.776	-24.5	
763.954	6.89	
764.131	-27.17	
764.308	9.57	
764.486	1.15	
764.663	9.57	
764.84	-7.65	
765.018	-17.99	
765.195	-28.32	
765.372	5.36	
765.55	-48.23	
765.727	-6.51	
765.904	25.64	
766.081	-6.12	
766.258	-23.73	
766.436	-6.12	
766.613	-23.35	
766.79	10.33	
766.967	16.08	
767.144	11.48	
767.321	7.27	
767.498	4.21	
767.675	-6.12	
767.852	-12.63	
768.029	14.54	
768.206	11.87	
768.383	0.38	
768.56	-1.53	
768.737	8.04	
768.914	-23.73	
769.091	6.51	
769.268	-21.43	
769.445	21.82	
769.622	-2.68	
769.799	-15.69	
769.976	-3.83	
770.152	-0.38	
770.329	-44.02	
770.506	19.52	
770.683	-16.46	
770.86	6.89	
771.036	14.16	
771.213	10.72	
771.39	-2.68	
771.566	-12.25	
771.743	-9.19	
771.92	-6.51	
772.096	-35.6	
772.273	-0	
772.449	-16.84	
772.626	13.78	
772.803	-20.29	
772.979	-26.41	
773.156	7.27	
773.332	24.11	
773.509	-0	
773.685	8.04	
773.861	18.75	
774.038	-22.2	
774.214	-29.09	
774.391	-1.15	
774.567	-6.12	
774.743	-7.27	
774.92	-11.48	
775.096	8.8	
775.272	-10.33	
775.449	11.87	
775.625	39.81	
775.801	-5.36	
775.977	1.15	
776.154	9.19	
776.33	-2.68	
776.506	-1.91	
776.682	14.16	
776.858	-27.17	
777.035	11.1	
777.211	39.04	
777.387	31	
777.563	-12.25	
777.739	-12.25	
777.915	-39.04	
778.091	-12.63	
778.267	3.83	
778.443	15.31	
778.619	-34.06	
778.795	0.38	
778.971	18.75	
779.147	-9.19	
779.323	-27.94	
779.499	-42.48	
779.674	-6.51	
779.85	-6.12	
780.026	5.36	
780.202	-8.04	
780.378	12.25	
780.554	-41.72	
780.729	26.03	
780.905	17.61	
781.081	-40.95	
781.256	-16.84	
781.432	4.21	
781.608	-6.89	
781.783	-4.98	
781.959	-7.27	
782.135	4.59	
782.31	9.95	
782.486	-28.32	
782.662	-17.99	
782.837	-11.87	
783.013	-8.8	
783.188	-1.53	
783.364	8.42	
783.539	-4.21	
783.715	24.11	
783.89	-8.04	
784.065	22.2	
784.241	9.19	
784.416	-33.3	
784.592	28.71	
784.767	-14.54	
784.942	15.31	
785.118	32.92	
785.293	-12.63	
785.468	-55.5	
785.643	12.63	
785.819	3.06	
785.994	15.31	
786.169	24.88	
786.344	22.58	
786.52	17.99	
786.695	-4.98	
786.87	-8.8	
787.045	-15.69	
787.22	-27.17	
787.395	3.06	
787.57	-26.41	
787.745	5.74	
787.92	0.38	
788.095	27.17	
788.27	-13.01	
788.445	47.08	
788.62	0.77	
788.795	29.47	
788.97	13.4	
789.145	-18.75	
789.32	-4.98	
789.495	11.87	
789.67	-19.52	
789.845	-7.27	
790.02	23.73	
790.194	32.53	
790.369	9.57	
790.544	9.95	
790.719	-29.85	
790.893	-22.2	
791.068	3.83	
791.243	6.51	
791.418	-29.09	
791.592	19.9	
791.767	-33.3	
791.941	5.36	
792.116	-4.98	
792.291	-7.65	
792.465	3.44	
792.64	-21.05	
792.814	-33.68	
792.989	31	
793.163	11.48	
793.338	-19.14	
793.512	29.85	
793.687	-29.09	
793.861	2.68	
794.036	5.36	
794.21	6.89	
794.385	-18.37	
794.559	0.38	
794.733	12.63	
794.908	26.79	
795.082	2.68	
795.256	-13.78	
795.43	-21.43	
795.605	-2.3	
795.779	2.3	
795.953	-4.98	
796.127	-35.6	
796.302	-14.93	
796.476	18.37	
796.65	0.77	
796.824	22.2	
796.998	-8.04	
797.172	-0	
797.346	-21.82	
797.52	7.65	
797.694	-1.15	
797.869	-19.14	
798.043	21.43	
798.217	21.05	
798.391	1.15	
798.564	5.74	
798.738	6.89	
798.912	-53.58	
799.086	5.74	
799.26	-19.9	
799.434	-24.88	
799.608	-13.78	
799.782	-1.91	
799.956	-2.68	
800.129	-27.17	
800.303	-26.41	
800.477	10.33	
800.651	15.69	
800.824	-0.38	
800.998	39.04	
801.172	-13.4	
801.345	-34.83	
801.519	14.93	
801.693	-12.63	
801.866	-9.95	
802.04	16.08	
802.214	-5.74	
802.387	-5.74	
802.561	8.8	
802.734	5.74	
802.908	1.53	
803.081	39.81	
803.255	-21.05	
803.428	-1.15	
803.602	14.16	
803.775	35.98	
803.948	24.88	
804.122	27.56	
804.295	17.61	
804.469	-19.14	
804.642	-13.78	
804.815	11.87	
804.989	-24.5	
805.162	-13.78	
805.335	-17.99	
805.508	16.84	
805.682	1.15	
805.855	27.94	
806.028	-0	
806.201	36.36	
806.374	-38.66	
806.547	22.96	
806.721	-20.29	
806.894	-24.88	
807.067	1.53	
807.24	26.41	
807.413	-4.98	
807.586	-14.93	
807.759	-24.5	
807.932	11.1	
808.105	-50.52	
808.278	4.98	
808.451	15.31	
808.624	11.87	
808.797	-2.3	
808.97	-13.01	
809.143	6.12	
809.315	11.48	
809.488	-6.51	
809.661	9.19	
809.834	23.73	
810.007	6.12	
810.179	15.31	
810.352	36.74	
810.525	-16.84	
810.698	36.74	
810.87	-7.65	
811.043	59.71	
811.216	-3.06	
811.388	17.99	
811.561	2.68	
811.733	40.57	
811.906	-9.57	
812.079	-35.6	
812.251	24.88	
812.424	12.63	
812.596	15.69	
812.769	34.45	
812.941	-8.8	
813.114	-31.38	
813.286	-8.04	
813.459	13.78	
813.631	-3.83	
813.803	4.21	
813.976	7.65	
814.148	-40.57	
814.32	-9.19	
814.493	-23.73	
814.665	-22.96	
814.837	11.48	
815.01	-23.73	
815.182	17.99	
815.354	9.57	
815.526	-29.85	
815.699	-6.12	
815.871	5.36	
816.043	7.27	
816.215	16.84	
816.387	-5.36	
816.559	2.68	
816.731	7.65	
816.903	0.38	
817.075	-1.91	
817.248	-11.1	
817.42	-16.84	
817.592	29.85	
817.764	3.06	
817.935	-15.31	
818.107	-31	
818.279	-16.84	
818.451	-5.36	
818.623	-7.65	
818.795	-16.08	
818.967	-14.16	
819.139	-14.16	
819.311	3.06	
819.482	-12.63	
819.654	18.75	
819.826	-16.46	
819.998	19.14	
820.169	3.06	
820.341	3.06	
820.513	-47.46	
820.684	-11.87	
820.856	11.48	
821.028	7.27	
821.199	-11.87	
821.371	-34.06	
821.543	-24.88	
821.714	10.72	
821.886	-20.29	
822.057	-4.59	
822.229	-22.96	
822.4	-16.46	
822.572	-6.89	
822.743	13.4	
822.915	-23.35	
823.086	-7.65	
823.257	-6.89	
823.429	-9.95	
823.6	-14.16	
823.772	14.93	
823.943	-17.22	
824.114	14.16	
824.285	-3.06	
824.457	32.53	
824.628	2.3	
824.799	3.44	
824.971	-14.54	
825.142	-10.33	
825.313	-21.43	
825.484	-30.24	
825.655	-7.65	
825.826	-21.05	
825.997	28.32	
826.169	5.36	
826.34	-17.61	
826.511	1.91	
826.682	-7.65	
826.853	34.45	
827.024	7.27	
827.195	-11.1	
827.366	-13.4	
827.537	-4.21	
827.708	-23.35	
827.879	-4.59	
828.05	-33.3	
828.22	19.14	
828.391	6.51	
828.562	-28.71	
828.733	24.88	
828.904	-1.91	
829.075	-2.68	
829.245	17.99	
829.416	3.44	
829.587	15.69	
829.758	-45.55	
829.928	-3.06	
830.099	-11.87	
830.27	-37.13	
830.44	-42.1	
830.611	35.98	
830.782	-0	
830.952	9.57	
831.123	-10.33	
831.293	-11.48	
831.464	20.67	
831.634	11.1	
831.805	18.37	
831.975	-24.88	
832.146	-21.05	
832.316	17.61	
832.487	-21.05	
832.657	-13.78	
832.827	-18.37	
832.998	-11.48	
833.168	-14.54	
833.339	-15.31	
833.509	-39.81	
833.679	29.47	
833.849	5.36	
834.02	6.89	
834.19	38.27	
834.36	11.1	
834.53	11.87	
834.701	-46.31	
834.871	-2.68	
835.041	-4.59	
835.211	11.87	
835.381	10.72	
835.551	-19.9	
835.721	-17.22	
835.892	-4.59	
836.062	3.06	
836.232	6.89	
836.402	15.69	
836.572	6.12	
836.742	1.15	
836.912	-21.43	
837.082	21.43	
837.251	22.2	
837.421	21.05	
837.591	-29.09	
837.761	-0.77	
837.931	-31	
838.101	-6.51	
838.271	16.46	
838.44	9.57	
838.61	20.67	
838.78	21.82	
838.95	14.54	
839.119	-8.04	
839.289	-6.12	
839.459	-0.77	
839.629	-1.53	
839.798	15.31	
839.968	21.82	
840.137	-7.27	
840.307	-2.3	
840.477	1.15	
840.646	-1.91	
840.816	-4.59	
840.985	-0.38	
841.155	-37.13	
841.324	9.19	
841.494	3.83	
841.663	-4.59	
841.833	11.87	
842.002	-27.94	
842.171	-16.84	
842.341	-1.15	
842.51	4.59	
842.68	18.75	
842.849	12.63	
843.018	-41.72	
843.187	15.31	
843.357	21.82	
843.526	-11.48	
843.695	-8.04	
843.864	10.33	
844.034	-13.78	
844.203	26.79	
844.372	-12.25	
844.541	13.78	
844.71	9.19	
844.879	-21.43	
845.048	-22.2	
845.218	24.88	
845.387	-24.11	
845.556	-23.35	
845.725	-8.04	
845.894	0.77	
846.063	1.53	
846.232	-8.8	
846.401	-44.78	
846.569	18.37	
846.738	-13.4	
846.907	9.57	
847.076	-22.96	
847.245	15.69	
847.414	-20.29	
847.583	-15.31	
847.751	9.95	
847.92	-22.58	
848.089	-18.75	
848.258	13.78	
848.426	-33.68	
848.595	9.19	
848.764	-17.61	
848.933	11.1	
849.101	-10.33	
849.27	-11.87	
849.438	-0	
849.607	-35.6	
849.776	-15.69	
849.944	-16.08	
850.113	4.98	
850.281	-3.83	
850.45	4.59	
850.618	12.25	
850.787	13.01	
850.955	-19.9	
851.124	22.2	
851.292	-22.2	
851.46	-26.41	
851.629	-25.26	
851.797	-15.69	
851.966	16.84	
852.134	-17.22	
852.302	3.44	
852.47	-11.48	
852.639	-13.4	
852.807	-4.21	
852.975	31.77	
853.143	-22.58	
853.312	3.83	
853.48	-15.31	
853.648	-26.79	
853.816	16.08	
853.984	2.68	
854.152	-22.96	
854.32	-8.8	
854.489	1.53	
854.657	-15.31	
854.825	-26.03	
854.993	-20.67	
855.161	8.04	
855.329	3.83	
855.497	-6.51	
855.665	18.75	
855.832	1.15	
856	-6.89	
856.168	-32.15	
856.336	-12.25	
856.504	9.95	
856.672	-0.38	
856.84	-24.5	
857.007	-0.38	
857.175	-10.33	
857.343	4.21	
857.511	-28.32	
857.678	18.75	
857.846	-17.61	
858.014	-26.41	
858.181	15.69	
858.349	-4.59	
858.517	-10.33	
858.684	-16.84	
858.852	28.71	
859.02	-8.42	
859.187	-2.68	
859.355	3.83	
859.522	21.05	
859.69	0.38	
859.857	-17.22	
860.025	-17.99	
860.192	-10.72	
860.359	11.1	
860.527	-6.89	
860.694	14.93	
860.862	-32.15	
861.029	-1.15	
861.196	-24.11	
861.364	-32.15	
861.531	-35.6	
861.698	-3.44	
861.866	-30.62	
862.033	-3.06	
862.2	-1.53	
862.367	-4.98	
862.534	-20.29	
862.702	10.33	
862.869	26.41	
863.036	6.51	
863.203	1.91	
863.37	-15.31	
863.537	1.15	
863.704	12.25	
863.871	-3.44	
864.038	-1.53	
864.205	-54.73	
864.372	-1.91	
864.539	-20.29	
864.706	18.75	
864.873	9.19	
865.04	16.84	
865.207	-15.31	
865.374	-60.47	
865.541	-10.72	
865.708	31	
865.874	-13.4	
866.041	-27.17	
866.208	-23.35	
866.375	-22.58	
866.541	-3.06	
866.708	39.81	
866.875	-12.25	
867.042	13.4	
867.208	-42.1	
867.375	16.46	
867.542	-5.74	
867.708	8.04	
867.875	11.1	
868.041	26.03	
868.208	1.91	
868.374	-22.96	
868.541	-28.71	
868.708	-17.99	
868.874	-22.58	
869.04	22.2	
869.207	35.98	
869.373	-16.46	
869.54	-18.75	
869.706	-17.22	
869.873	12.25	
870.039	-13.78	
870.205	-27.94	
870.372	26.41	
870.538	-1.91	
870.704	7.27	
870.87	21.43	
871.037	50.14	
871.203	-29.09	
871.369	14.93	
871.535	-2.3	
871.702	57.79	
871.868	2.3	
872.034	-10.33	
872.2	2.68	
872.366	-16.84	
872.532	-10.33	
872.698	13.4	
872.864	0.38	
873.03	-1.53	
873.196	-17.22	
873.362	24.11	
873.528	-18.75	
873.694	-11.87	
873.86	13.78	
874.026	32.53	
874.192	-20.29	
874.358	-4.59	
874.524	-60.86	
874.69	10.72	
874.855	-0.38	
875.021	-48.61	
875.187	-28.71	
875.353	-12.63	
875.519	-31	
875.684	16.46	
875.85	1.53	
876.016	48.23	
876.181	-4.59	
876.347	29.09	
876.513	-0.38	
876.678	26.41	
876.844	3.06	
877.01	5.36	
877.175	-15.69	
877.341	30.62	
877.506	-34.83	
877.672	15.31	
877.837	-55.11	
878.003	-6.12	
878.168	-57.41	
878.334	6.51	
878.499	-4.98	
878.664	24.5	
878.83	-43.25	
878.995	-3.06	
879.16	13.01	
879.326	-3.83	
879.491	-11.87	
879.656	-10.33	
879.822	8.8	
879.987	34.45	
880.152	0.38	
880.317	-4.21	
880.483	-8.42	
880.648	13.4	
880.813	-2.3	
880.978	-8.42	
881.143	5.74	
881.308	-27.17	
881.473	-3.06	
881.638	31	
881.804	8.42	
881.969	-14.16	
882.134	14.93	
882.299	11.48	
882.464	-3.83	
882.628	-11.1	
882.793	-27.56	
882.958	27.94	
883.123	-31	
883.288	-12.63	
883.453	-31.77	
883.618	-12.63	
883.783	-22.96	
883.947	-32.92	
884.112	-29.85	
884.277	-9.95	
884.442	-4.98	
884.607	29.09	
884.771	-10.72	
884.936	-28.71	
885.101	11.48	
885.265	16.08	
885.43	-9.57	
885.595	24.11	
885.759	2.3	
885.924	-4.59	
886.088	-6.51	
886.253	-0	
886.417	-13.01	
886.582	-2.68	
886.746	0.77	
886.911	-11.87	
887.075	-3.83	
887.24	-2.3	
887.404	-12.63	
887.569	34.83	
887.733	0.38	
887.897	-5.36	
888.062	-27.17	
888.226	1.53	
888.39	-32.15	
888.555	-45.93	
888.719	3.83	
888.883	20.67	
889.047	19.9	
889.212	-12.63	
889.376	9.19	
889.54	17.22	
889.704	17.22	
