FLMT09758_1:101		
180.403	-69.44	
180.624	-69.44	
180.845	-69.44	
181.066	-31.93	
181.287	-23.51	
181.509	-2.84	
181.73	22.81	
181.951	12.09	
182.172	-16.62	
182.393	-11.64	
182.614	10.17	
182.835	-2.46	
183.056	10.94	
183.277	-14.32	
183.498	-26.95	
183.719	12.85	
183.94	5.96	
184.161	-7.05	
184.382	-7.43	
184.603	-18.53	
184.824	-28.48	
185.045	18.98	
185.266	-19.3	
185.487	8.64	
185.708	6.35	
185.929	-17.38	
186.15	-7.05	
186.37	-5.9	
186.591	24.34	
186.812	-27.72	
187.033	2.52	
187.254	12.47	
187.475	22.81	
187.695	15.15	
187.916	23.57	
188.137	-21.21	
188.358	2.52	
188.578	31.23	
188.799	25.87	
189.02	-5.9	
189.24	-25.42	
189.461	-25.04	
189.682	40.03	
189.902	-11.64	
190.123	-5.9	
190.344	6.73	
190.564	22.81	
190.785	-18.53	
191.006	12.85	
191.226	-29.63	
191.447	-2.46	
191.667	21.66	
191.888	27.78	
192.108	28.16	
192.329	4.05	
192.549	12.85	
192.77	13.62	
192.99	-3.22	
193.211	22.04	
193.431	-10.49	
193.652	15.15	
193.872	-45.71	
194.092	-20.44	
194.313	-34.61	
194.533	-9.73	
194.754	-35.75	
194.974	-10.49	
195.194	13.62	
195.415	-3.6	
195.635	14.38	
195.855	16.3	
196.076	-46.85	
196.296	28.55	
196.516	27.4	
196.736	15.53	
196.957	6.35	
197.177	36.2	
197.397	16.68	
197.617	70.65	
197.838	-36.14	
198.058	17.06	
198.278	2.14	
198.498	-13.56	
198.718	-24.65	
198.938	2.52	
199.158	25.48	
199.379	49.98	
199.599	13.24	
199.819	-0.92	
200.039	3.67	
200.259	11.71	
200.479	17.45	
200.699	28.93	
200.919	-6.28	
201.139	29.69	
201.359	-10.88	
201.579	11.32	
201.799	5.58	
202.019	31.99	
202.239	2.9	
202.459	-6.67	
202.679	22.04	
202.899	22.81	
203.118	-6.28	
203.338	1.37	
203.558	-20.06	
203.778	2.14	
203.998	-0.54	
204.218	30.46	
204.438	14	
204.657	46.54	
204.877	1.37	
205.097	11.71	
205.317	15.53	
205.536	14.77	
205.756	-26.95	
205.976	-0.54	
206.196	6.35	
206.415	-12.02	
206.635	20.51	
206.855	4.05	
207.074	12.47	
207.294	14	
207.514	2.52	
207.733	20.13	
207.953	-6.28	
208.172	33.9	
208.392	17.06	
208.612	17.06	
208.831	19.74	
209.051	20.89	
209.27	-8.58	
209.49	7.5	
209.709	2.52	
209.929	-8.96	
210.148	2.9	
210.368	24.34	
210.587	-7.81	
210.807	-12.02	
211.026	0.22	
211.245	59.55	
211.465	9.79	
211.684	-14.32	
211.904	-8.2	
212.123	12.85	
212.342	-29.63	
212.562	-16.62	
212.781	2.14	
213	12.47	
213.22	21.66	
213.439	46.54	
213.658	25.1	
213.877	21.66	
214.097	35.82	
214.316	34.67	
214.535	4.05	
214.754	18.21	
214.973	9.41	
215.193	22.04	
215.412	28.16	
215.631	16.68	
215.85	29.69	
216.069	-16.62	
216.288	-1.69	
216.507	0.22	
216.727	28.93	
216.946	20.89	
217.165	-3.6	
217.384	32.37	
217.603	20.13	
217.822	-22.74	
218.041	-5.14	
218.26	31.61	
218.479	4.43	
218.698	-4.37	
218.917	-8.2	
219.136	-8.58	
219.355	33.14	
219.574	15.53	
219.792	8.64	
220.011	4.43	
220.23	0.22	
220.449	4.43	
220.668	-44.94	
220.887	9.03	
221.106	1.75	
221.324	45.77	
221.543	12.09	
221.762	5.2	
221.981	-21.98	
222.2	8.26	
222.418	-8.2	
222.637	19.36	
222.856	0.22	
223.075	19.36	
223.293	15.15	
223.512	44.62	
223.731	-7.43	
223.949	21.66	
224.168	-8.2	
224.387	27.78	
224.605	15.15	
224.824	15.92	
225.042	-5.14	
225.261	1.37	
225.48	-30.01	
225.698	23.57	
225.917	-13.17	
226.135	24.34	
226.354	-5.9	
226.572	12.85	
226.791	26.63	
227.009	-17.38	
227.228	-18.53	
227.446	24.72	
227.665	-14.7	
227.883	43.09	
228.101	-9.35	
228.32	-25.8	
228.538	2.52	
228.757	33.52	
228.975	20.89	
229.193	-1.31	
229.412	23.57	
229.63	21.27	
229.848	7.88	
230.067	11.71	
230.285	17.83	
230.503	15.92	
230.721	15.53	
230.94	26.25	
231.158	-5.52	
231.376	-2.07	
231.594	-2.07	
231.813	-5.9	
232.031	-5.14	
232.249	10.56	
232.467	32.76	
232.685	27.4	
232.903	2.9	
233.121	14.38	
233.34	0.99	
233.558	14	
233.776	-14.32	
233.994	23.95	
234.212	-15.85	
234.43	-1.69	
234.648	4.82	
234.866	22.04	
235.084	21.27	
235.302	-3.22	
235.52	-18.15	
235.738	1.75	
235.956	5.58	
236.174	15.53	
236.392	13.24	
236.61	30.46	
236.827	10.94	
237.045	43.47	
237.263	14.38	
237.481	2.14	
237.699	9.41	
237.917	47.68	
238.135	13.62	
238.352	48.83	
238.57	-2.46	
238.788	-20.44	
239.006	2.52	
239.223	1.37	
239.441	11.71	
239.659	45	
239.877	-3.6	
240.094	34.29	
240.312	-3.22	
240.53	16.68	
240.747	-10.11	
240.965	-18.91	
241.183	33.14	
241.4	15.92	
241.618	-2.07	
241.835	23.57	
242.053	-12.79	
242.271	42.71	
242.488	23.57	
242.706	8.26	
242.923	40.03	
243.141	18.98	
243.358	-7.81	
243.576	15.92	
243.793	37.35	
244.011	8.64	
244.228	-5.14	
244.446	12.09	
244.663	-19.3	
244.88	20.51	
245.098	4.82	
245.315	22.81	
245.533	3.29	
245.75	2.9	
245.967	41.94	
246.185	-0.54	
246.402	-3.6	
246.619	22.04	
246.837	0.61	
247.054	19.74	
247.271	51.51	
247.488	-15.47	
247.706	-5.52	
247.923	20.89	
248.14	0.99	
248.357	15.15	
248.574	13.24	
248.792	14.38	
249.009	-9.35	
249.226	10.94	
249.443	34.29	
249.66	18.21	
249.877	12.09	
250.094	14.77	
250.311	-16.23	
250.529	43.47	
250.746	-5.14	
250.963	33.14	
251.18	1.37	
251.397	24.72	
251.614	-13.17	
251.831	21.27	
252.048	-1.69	
252.265	7.88	
252.482	-8.96	
252.698	33.14	
252.915	12.85	
253.132	-4.37	
253.349	18.59	
253.566	34.29	
253.783	-26.57	
254	43.09	
254.217	55.34	
254.434	28.55	
254.65	-3.22	
254.867	36.58	
255.084	1.75	
255.301	36.2	
255.517	-3.6	
255.734	46.54	
255.951	-15.85	
256.168	42.32	
256.384	27.4	
256.601	-6.67	
256.818	22.04	
257.034	25.87	
257.251	-7.05	
257.468	44.24	
257.684	64.91	
257.901	14.77	
258.118	23.95	
258.334	32.37	
258.551	31.61	
258.767	-3.6	
258.984	41.18	
259.2	20.89	
259.417	39.65	
259.634	15.92	
259.85	20.13	
260.066	73.33	
260.283	48.83	
260.499	29.69	
260.716	13.24	
260.932	20.89	
261.149	52.28	
261.365	72.18	
261.582	40.41	
261.798	71.41	
262.014	48.07	
262.231	82.9	
262.447	82.9	
262.663	152.17	
262.88	135.33	
263.096	202.69	
263.312	283.45	
263.528	358.47	
263.745	514.25	
263.961	781.02	
264.177	1104.43	
264.393	1481.43	
264.61	1988.19	
264.826	2462.02	
265.042	3130.29	
265.258	3808.12	
265.474	4462.61	
265.691	5161.5	
265.907	5836.66	
266.123	6323.12	
266.339	6671.03	
266.555	6958.47	
266.771	6905.27	
266.987	6886.9	
267.203	6551.24	
267.419	6065.92	
267.635	5620.79	
267.851	4993.86	
268.067	4409.79	
268.283	3804.3	
268.499	3150.19	
268.715	2563.06	
268.931	2098.03	
269.147	1632.62	
269.363	1319.15	
269.579	975.83	
269.795	743.51	
270.011	577.78	
270.226	423.92	
270.442	307.57	
270.658	239.05	
270.874	216.47	
271.09	149.49	
271.306	128.44	
271.521	75.62	
271.737	76.77	
271.953	88.25	
272.169	84.81	
272.384	49.21	
272.6	8.26	
272.816	42.71	
273.031	75.24	
273.247	25.1	
273.463	54.96	
273.678	-4.37	
273.894	31.23	
274.11	60.7	
274.325	24.72	
274.541	28.93	
274.756	22.81	
274.972	7.88	
275.188	78.69	
275.403	25.87	
275.619	53.04	
275.834	28.93	
276.05	51.89	
276.265	7.88	
276.481	1.75	
276.696	30.46	
276.912	16.3	
277.127	30.08	
277.342	37.35	
277.558	10.17	
277.773	14.77	
277.989	14	
278.204	4.05	
278.419	-12.02	
278.635	15.53	
278.85	38.11	
279.065	18.59	
279.281	22.42	
279.496	48.07	
279.711	-6.67	
279.926	25.48	
280.142	30.84	
280.357	7.88	
280.572	10.17	
280.787	10.94	
281.003	21.66	
281.218	19.74	
281.433	32.37	
281.648	2.52	
281.863	27.78	
282.078	15.53	
282.293	12.47	
282.509	39.26	
282.724	17.45	
282.939	3.29	
283.154	12.47	
283.369	67.59	
283.584	-26.19	
283.799	31.61	
284.014	-2.84	
284.229	22.42	
284.444	20.89	
284.659	16.3	
284.874	17.45	
285.089	13.24	
285.304	-1.31	
285.519	16.3	
285.733	40.79	
285.948	23.57	
286.163	3.29	
286.378	-1.31	
286.593	5.96	
286.808	-0.54	
287.023	17.83	
287.237	14	
287.452	5.2	
287.667	15.53	
287.882	30.84	
288.096	5.96	
288.311	38.11	
288.526	14.77	
288.741	27.78	
288.955	18.21	
289.17	22.42	
289.385	21.66	
289.599	-7.05	
289.814	-10.49	
290.029	7.88	
290.243	43.47	
290.458	-39.58	
290.672	54.96	
290.887	23.95	
291.102	4.05	
291.316	52.28	
291.531	-16.62	
291.745	21.66	
291.96	11.32	
292.174	12.09	
292.389	27.78	
292.603	30.08	
292.818	23.19	
293.032	-17	
293.246	-4.37	
293.461	12.09	
293.675	-24.27	
293.89	-12.79	
294.104	12.47	
294.318	24.72	
294.533	11.71	
294.747	45.39	
294.961	0.99	
295.176	21.66	
295.39	14.38	
295.604	16.68	
295.819	8.64	
296.033	-10.88	
296.247	28.55	
296.461	7.88	
296.676	22.81	
296.89	12.85	
297.104	49.98	
297.318	18.98	
297.532	32.76	
297.746	25.1	
297.96	18.59	
298.175	20.51	
298.389	6.73	
298.603	11.71	
298.817	19.74	
299.031	2.52	
299.245	27.02	
299.459	11.71	
299.673	49.21	
299.887	27.02	
300.101	44.24	
300.315	21.27	
300.529	20.13	
300.743	-15.09	
300.957	27.4	
301.171	-1.31	
301.385	13.24	
301.599	-13.17	
301.813	42.32	
302.026	-14.32	
302.24	-23.51	
302.454	19.74	
302.668	24.34	
302.882	4.82	
303.096	10.17	
303.309	32.37	
303.523	49.21	
303.737	26.63	
303.951	30.08	
304.164	11.32	
304.378	49.98	
304.592	28.55	
304.806	28.93	
305.019	-6.28	
305.233	6.35	
305.447	-11.64	
305.66	15.53	
305.874	-13.56	
306.087	23.19	
306.301	17.83	
306.515	22.42	
306.728	5.58	
306.942	9.79	
307.155	32.76	
307.369	25.87	
307.582	-5.9	
307.796	0.61	
308.009	-8.58	
308.223	25.48	
308.436	8.26	
308.65	5.58	
308.863	-7.81	
309.077	9.03	
309.29	-44.17	
309.503	31.61	
309.717	20.51	
309.93	36.2	
310.144	17.83	
310.357	19.74	
310.57	28.55	
310.784	-17	
310.997	-7.43	
311.21	5.58	
311.423	6.35	
311.637	10.56	
311.85	-10.11	
312.063	33.52	
312.276	-19.3	
312.49	-3.6	
312.703	-12.02	
312.916	55.34	
313.129	2.52	
313.342	-0.16	
313.555	-2.46	
313.768	-7.43	
313.982	-12.02	
314.195	13.62	
314.408	-18.15	
314.621	30.08	
314.834	-2.07	
315.047	16.3	
315.26	34.67	
315.473	34.29	
315.686	-5.52	
315.899	24.72	
316.112	-19.3	
316.325	15.92	
316.538	-8.58	
316.751	23.57	
316.964	17.83	
317.177	-22.36	
317.39	-2.46	
317.602	32.76	
317.815	28.55	
318.028	-11.64	
318.241	-0.16	
318.454	24.72	
318.667	-11.64	
318.879	47.68	
319.092	-14.32	
319.305	17.06	
319.518	12.09	
319.73	36.97	
319.943	1.75	
320.156	6.73	
320.369	19.74	
320.581	25.48	
320.794	1.75	
321.007	14	
321.219	35.82	
321.432	4.05	
321.644	-6.28	
321.857	4.05	
322.07	-15.85	
322.282	17.45	
322.495	6.73	
322.707	36.97	
322.92	23.95	
323.132	15.53	
323.345	36.2	
323.557	22.81	
323.77	-5.9	
323.982	14.38	
324.195	-5.52	
324.407	20.89	
324.62	-4.37	
324.832	10.17	
325.045	2.9	
325.257	-8.2	
325.469	-0.92	
325.682	0.61	
325.894	-1.69	
326.106	12.47	
326.319	-2.46	
326.531	28.16	
326.743	5.58	
326.955	-8.96	
327.168	-1.69	
327.38	17.06	
327.592	22.81	
327.804	4.43	
328.017	44.62	
328.229	18.21	
328.441	14	
328.653	23.57	
328.865	33.9	
329.077	5.58	
329.29	-2.46	
329.502	9.79	
329.714	-41.5	
329.926	14.77	
330.138	-13.94	
330.35	-7.43	
330.562	9.03	
330.774	15.92	
330.986	37.73	
331.198	20.13	
331.41	14	
331.622	54.96	
331.834	10.17	
332.046	35.44	
332.258	-0.92	
332.47	31.61	
332.682	4.05	
332.894	26.25	
333.105	-29.25	
333.317	13.62	
333.529	23.57	
333.741	50.75	
333.953	47.68	
334.165	6.73	
334.376	-15.47	
334.588	-24.65	
334.8	-14.32	
335.012	15.92	
335.223	17.45	
335.435	-11.26	
335.647	18.59	
335.859	42.71	
336.07	18.98	
336.282	12.09	
336.494	42.32	
336.705	20.89	
336.917	-0.54	
337.128	27.02	
337.34	-21.21	
337.552	41.94	
337.763	-13.94	
337.975	22.81	
338.186	-7.81	
338.398	-13.94	
338.609	2.14	
338.821	43.09	
339.032	-9.35	
339.244	2.14	
339.455	-8.58	
339.667	7.11	
339.878	25.48	
340.09	-12.02	
340.301	5.96	
340.512	0.22	
340.724	36.58	
340.935	22.81	
341.146	18.98	
341.358	-2.46	
341.569	-4.75	
341.78	58.4	
341.992	-19.68	
342.203	15.92	
342.414	-17	
342.625	14.38	
342.837	13.24	
343.048	40.03	
343.259	-21.21	
343.47	43.47	
343.682	8.64	
343.893	37.73	
344.104	27.4	
344.315	21.27	
344.526	1.37	
344.737	16.68	
344.948	-4.75	
345.159	-2.84	
345.37	-26.19	
345.582	37.73	
345.793	-24.65	
346.004	18.59	
346.215	-17.38	
346.426	22.81	
346.637	-5.52	
346.848	12.47	
347.059	-23.89	
347.27	15.15	
347.48	-17.77	
347.691	11.32	
347.902	18.98	
348.113	9.79	
348.324	9.41	
348.535	-1.31	
348.746	52.28	
348.957	-10.11	
349.167	40.41	
349.378	5.58	
349.589	36.2	
349.8	16.68	
350.011	4.82	
350.221	-0.92	
350.432	16.68	
350.643	-38.43	
350.853	2.52	
351.064	20.89	
351.275	19.74	
351.486	20.13	
351.696	12.47	
351.907	18.59	
352.117	17.45	
352.328	23.95	
352.539	14	
352.749	40.79	
352.96	4.43	
353.17	9.79	
353.381	-0.92	
353.591	9.03	
353.802	-3.99	
354.012	31.61	
354.223	26.63	
354.433	17.83	
354.644	-7.43	
354.854	27.4	
355.065	45.39	
355.275	-3.22	
355.486	8.26	
355.696	-5.52	
355.906	23.19	
356.117	12.47	
356.327	32.37	
356.537	25.87	
356.748	26.63	
356.958	20.13	
357.168	14	
357.379	28.93	
357.589	25.87	
357.799	-3.22	
358.009	23.57	
358.219	1.75	
358.43	13.24	
358.64	33.52	
358.85	-8.2	
359.06	14.38	
359.27	13.24	
359.481	1.75	
359.691	27.78	
359.901	15.92	
360.111	-25.04	
360.321	25.1	
360.531	18.21	
360.741	28.16	
360.951	36.58	
361.161	15.92	
361.371	-24.65	
361.581	13.24	
361.791	-8.58	
362.001	1.75	
362.211	40.41	
362.421	41.94	
362.631	22.42	
362.841	-0.92	
363.051	38.11	
363.261	15.53	
363.47	40.79	
363.68	75.62	
363.89	-7.81	
364.1	30.08	
364.31	-12.41	
364.52	32.76	
364.729	-1.31	
364.939	30.46	
365.149	-0.54	
365.359	22.04	
365.568	0.22	
365.778	43.86	
365.988	27.78	
366.197	44.24	
366.407	-1.31	
366.617	9.03	
366.826	9.79	
367.036	9.41	
367.246	31.61	
367.455	32.37	
367.665	23.95	
367.874	27.02	
368.084	39.65	
368.294	23.19	
368.503	35.82	
368.713	41.56	
368.922	23.95	
369.132	7.88	
369.341	23.19	
369.551	39.26	
369.76	-15.47	
369.969	31.99	
370.179	18.21	
370.388	42.32	
370.598	-3.22	
370.807	35.82	
371.016	-1.31	
371.226	39.65	
371.435	15.53	
371.644	27.02	
371.854	36.58	
372.063	9.03	
372.272	16.3	
372.482	-1.31	
372.691	41.94	
372.9	40.03	
373.109	5.96	
373.318	26.63	
373.528	5.58	
373.737	22.81	
373.946	-1.31	
374.155	20.89	
374.364	24.34	
374.573	32.76	
374.782	9.03	
374.992	22.04	
375.201	5.58	
375.41	7.11	
375.619	-6.67	
375.828	62.99	
376.037	24.34	
376.246	42.32	
376.455	32.37	
376.664	5.2	
376.873	-8.96	
377.082	18.98	
377.291	15.53	
377.5	30.84	
377.709	14.38	
377.917	19.36	
378.126	33.14	
378.335	36.2	
378.544	2.9	
378.753	12.47	
378.962	8.64	
379.17	23.57	
379.379	-25.42	
379.588	53.04	
379.797	31.23	
380.006	-3.99	
380.214	11.32	
380.423	4.82	
380.632	25.1	
380.84	0.99	
381.049	14	
381.258	33.14	
381.466	23.19	
381.675	55.72	
381.884	10.56	
382.092	36.97	
382.301	45.39	
382.51	73.71	
382.718	23.95	
382.927	38.88	
383.135	9.03	
383.344	3.29	
383.552	75.24	
383.761	-9.73	
383.969	45	
384.178	23.19	
384.386	14	
384.595	33.9	
384.803	29.69	
385.011	39.65	
385.22	32.37	
385.428	8.26	
385.637	29.31	
385.845	38.11	
386.053	65.29	
386.262	52.66	
386.47	25.87	
386.678	37.73	
386.887	51.89	
387.095	22.04	
387.303	54.57	
387.511	29.69	
387.72	42.71	
387.928	32.37	
388.136	49.6	
388.344	43.47	
388.552	51.13	
388.76	26.25	
388.969	74.48	
389.177	67.97	
389.385	54.19	
389.593	32.76	
389.801	61.46	
390.009	90.55	
390.217	61.84	
390.425	47.3	
390.633	61.08	
390.841	65.67	
391.049	75.24	
391.257	106.63	
391.465	82.9	
391.673	132.65	
391.881	138.78	
392.089	178.58	
392.297	178.58	
392.505	193.13	
392.713	244.41	
392.921	308.71	
393.129	435.4	
393.336	512.71	
393.544	657.39	
393.752	860.63	
393.96	1088.36	
394.168	1407.57	
394.375	1707.64	
394.583	2178.41	
394.791	2710.04	
394.999	3231.71	
395.206	3926.77	
395.414	4626.81	
395.622	5372.77	
395.829	6106.11	
396.037	7248.21	
396.245	8087.56	
396.452	9124.03	
396.66	10287.56	
396.868	11350.05	
397.075	12721.8	
397.283	14445.67	
397.49	15290.77	
397.698	16100.27	
397.905	18506.95	
398.113	19548.01	
398.32	21355.31	
398.528	21782.07	
398.735	23561.82	
398.943	24483.08	
399.15	26645.19	
399.358	27718.02	
399.565	28907.2	
399.772	28833.71	
399.98	30552.22	
400.187	30484.86	
400.395	31868.85	
400.602	31654.14	
400.809	32720.45	
401.017	32891.92	
401.224	32729.64	
401.431	31503.72	
401.638	31895.65	
401.846	30636.42	
402.053	29736.98	
402.26	28547.04	
402.467	26918.85	
402.675	26169.44	
402.882	25607.19	
403.089	22447.66	
403.296	21940.91	
403.503	19918.88	
403.71	19051.59	
403.917	16913.98	
404.125	15111.26	
404.332	13837.11	
404.539	12602	
404.746	11271.98	
404.953	9904.82	
405.16	8548.77	
405.367	7842.99	
405.574	6861.64	
405.781	5944.21	
405.988	5103.32	
406.195	4536.86	
406.402	3765.26	
406.609	3272.67	
406.816	2719.61	
407.022	2323.08	
407.229	1874.51	
407.436	1566.02	
407.643	1317.62	
407.85	1085.68	
408.057	854.5	
408.264	737.77	
408.47	595.77	
408.677	506.59	
408.884	414.35	
409.091	369.19	
409.297	284.6	
409.504	262.02	
409.711	207.67	
409.918	159.06	
410.124	125.38	
410.331	123.08	
410.538	113.51	
410.744	111.22	
410.951	124.61	
411.157	95.53	
411.364	113.51	
411.571	91.32	
411.777	47.3	
411.984	66.05	
412.19	51.13	
412.397	91.7	
412.603	57.25	
412.81	64.14	
413.016	57.63	
413.223	64.14	
413.429	42.71	
413.636	65.29	
413.842	-2.07	
414.048	63.76	
414.255	39.26	
414.461	1.75	
414.668	45.77	
414.874	67.2	
415.08	58.78	
415.287	31.23	
415.493	10.17	
415.699	54.96	
415.905	64.52	
416.112	67.97	
416.318	16.3	
416.524	26.25	
416.73	66.44	
416.937	52.28	
417.143	22.81	
417.349	61.46	
417.555	28.16	
417.761	50.75	
417.967	49.98	
418.174	49.21	
418.38	11.32	
418.586	35.82	
418.792	33.14	
418.998	47.68	
419.204	22.04	
419.41	17.45	
419.616	31.99	
419.822	17.83	
420.028	31.23	
420.234	17.83	
420.44	-0.16	
420.646	69.5	
420.852	15.92	
421.058	35.44	
421.264	51.51	
421.469	52.28	
421.675	42.71	
421.881	30.46	
422.087	-6.28	
422.293	51.89	
422.499	5.58	
422.705	31.99	
422.91	8.26	
423.116	40.41	
423.322	54.57	
423.528	28.16	
423.733	27.02	
423.939	31.23	
424.145	21.27	
424.35	37.35	
424.556	33.14	
424.762	9.79	
424.967	41.94	
425.173	33.9	
425.379	56.49	
425.584	54.19	
425.79	41.94	
425.995	14.38	
426.201	24.34	
426.406	35.05	
426.612	23.57	
426.817	43.86	
427.023	9.79	
427.228	25.48	
427.434	33.14	
427.639	4.43	
427.845	8.26	
428.05	56.87	
428.256	31.99	
428.461	22.81	
428.666	43.09	
428.872	41.18	
429.077	42.71	
429.282	62.23	
429.488	0.22	
429.693	30.08	
429.898	21.66	
430.104	6.35	
430.309	9.79	
430.514	58.4	
430.719	24.72	
430.925	36.2	
431.13	14	
431.335	9.03	
431.54	52.28	
431.745	69.5	
431.95	-8.96	
432.156	31.61	
432.361	38.11	
432.566	46.15	
432.771	15.53	
432.976	43.09	
433.181	40.79	
433.386	11.71	
433.591	17.83	
433.796	38.5	
434.001	56.49	
434.206	70.27	
434.411	76.77	
434.616	146.43	
434.821	162.89	
435.026	175.52	
435.231	156.38	
435.436	139.16	
435.641	117.34	
435.845	119.26	
436.05	102.8	
436.255	111.6	
436.46	56.49	
436.665	72.18	
436.87	72.18	
437.074	72.18	
437.279	98.97	
437.484	58.78	
437.689	36.2	
437.893	70.65	
438.098	47.68	
438.303	73.71	
438.507	16.68	
438.712	41.18	
438.917	-6.67	
439.121	48.83	
439.326	-11.26	
439.531	50.75	
439.735	-38.82	
439.94	30.84	
440.144	16.3	
440.349	10.56	
440.553	4.43	
440.758	22.81	
440.962	7.11	
441.167	-2.84	
441.371	9.79	
441.576	3.67	
441.78	-13.56	
441.985	2.9	
442.189	32.37	
442.394	36.97	
442.598	22.81	
442.802	25.48	
443.007	8.26	
443.211	25.87	
443.415	-4.37	
443.62	5.58	
443.824	26.63	
444.028	12.47	
444.232	-2.46	
444.437	36.97	
444.641	4.82	
444.845	9.03	
445.049	3.67	
445.254	24.34	
445.458	42.71	
445.662	45	
445.866	-15.09	
446.07	35.05	
446.274	9.41	
446.478	52.28	
446.683	14.38	
446.887	59.93	
447.091	34.67	
447.295	21.66	
447.499	0.61	
447.703	48.45	
447.907	31.61	
448.111	8.26	
448.315	8.64	
448.519	28.55	
448.723	17.45	
448.927	34.29	
449.13	4.05	
449.334	16.3	
449.538	16.68	
449.742	37.35	
449.946	17.06	
450.15	-5.9	
450.354	48.07	
450.557	13.24	
450.761	3.67	
450.965	14	
451.169	60.7	
451.373	13.24	
451.576	-31.93	
451.78	21.27	
451.984	-6.28	
452.187	30.84	
452.391	66.82	
452.595	15.53	
452.798	15.53	
453.002	24.72	
453.206	59.93	
453.409	43.47	
453.613	11.71	
453.816	22.81	
454.02	23.19	
454.224	32.76	
454.427	10.17	
454.631	22.81	
454.834	-0.54	
455.038	7.11	
455.241	13.62	
455.445	41.94	
455.648	27.78	
455.851	3.67	
456.055	17.83	
456.258	41.18	
456.462	42.71	
456.665	28.55	
456.868	19.74	
457.072	18.98	
457.275	50.75	
457.478	25.48	
457.682	55.34	
457.885	35.05	
458.088	22.42	
458.291	25.87	
458.495	5.96	
458.698	25.1	
458.901	2.9	
459.104	2.9	
459.307	38.88	
459.511	27.78	
459.714	-3.6	
459.917	27.4	
460.12	43.09	
460.323	-33.46	
460.526	10.56	
460.729	-11.64	
460.932	4.05	
461.135	56.1	
461.338	-31.93	
461.541	6.35	
461.744	17.83	
461.947	28.16	
462.15	0.61	
462.353	12.09	
462.556	-14.32	
462.759	18.21	
462.962	14	
463.165	-5.52	
463.368	0.22	
463.571	12.47	
463.774	59.17	
463.976	28.93	
464.179	-4.75	
464.382	27.78	
464.585	22.42	
464.788	46.92	
464.99	9.41	
465.193	5.96	
465.396	9.41	
465.599	19.74	
465.801	22.04	
466.004	19.36	
466.207	-3.6	
466.409	50.36	
466.612	20.51	
466.815	28.16	
467.017	-1.69	
467.22	17.83	
467.422	19.74	
467.625	41.94	
467.827	53.42	
468.03	42.32	
468.233	17.45	
468.435	44.24	
468.638	39.65	
468.84	27.78	
469.042	13.62	
469.245	3.67	
469.447	20.13	
469.65	41.94	
469.852	23.95	
470.055	-6.28	
470.257	-21.21	
470.459	-34.99	
470.662	9.79	
470.864	-5.9	
471.066	-10.88	
471.269	4.43	
471.471	14.77	
471.673	13.62	
471.875	28.55	
472.078	-14.32	
472.28	20.51	
472.482	30.46	
472.684	10.17	
472.886	33.9	
473.089	13.62	
473.291	18.21	
473.493	-14.32	
473.695	34.67	
473.897	14	
474.099	21.66	
474.301	-1.69	
474.503	-10.88	
474.705	24.34	
474.907	12.47	
475.109	0.22	
475.311	17.83	
475.513	9.03	
475.715	9.41	
475.917	48.45	
476.119	24.72	
476.321	16.68	
476.523	46.15	
476.725	34.67	
476.927	24.34	
477.129	41.56	
477.331	-10.11	
477.533	27.78	
477.734	29.69	
477.936	49.98	
478.138	30.46	
478.34	9.79	
478.541	27.02	
478.743	-28.48	
478.945	32.76	
479.147	23.57	
479.348	28.93	
479.55	-0.92	
479.752	41.94	
479.953	12.09	
480.155	19.36	
480.357	10.94	
480.558	45	
480.76	51.13	
480.961	49.21	
481.163	49.98	
481.365	36.2	
481.566	47.68	
481.768	18.21	
481.969	41.18	
482.171	31.99	
482.372	-0.92	
482.574	35.82	
482.775	30.08	
482.976	65.29	
483.178	27.78	
483.379	61.46	
483.581	46.54	
483.782	36.2	
483.983	54.57	
484.185	54.57	
484.386	60.7	
484.587	60.31	
484.789	17.45	
484.99	42.32	
485.191	49.6	
485.392	59.93	
485.594	34.29	
485.795	65.67	
485.996	56.87	
486.197	69.5	
486.399	98.59	
486.6	64.91	
486.801	57.63	
487.002	58.4	
487.203	71.03	
487.404	69.5	
487.605	71.8	
487.806	89.02	
488.007	81.75	
488.208	77.54	
488.409	65.29	
488.611	87.87	
488.812	30.08	
489.012	86.34	
489.213	67.2	
489.414	98.21	
489.615	72.94	
489.816	38.88	
490.017	52.66	
490.218	83.66	
490.419	100.5	
490.62	69.12	
490.821	61.46	
491.021	100.88	
491.222	48.07	
491.423	80.22	
491.624	49.98	
491.825	53.42	
492.025	28.16	
492.226	58.78	
492.427	69.88	
492.628	80.98	
492.828	61.46	
493.029	20.89	
493.23	50.75	
493.43	68.73	
493.631	52.28	
493.832	52.28	
494.032	26.63	
494.233	14	
494.433	37.35	
494.634	75.24	
494.834	25.1	
495.035	56.49	
495.235	46.15	
495.436	51.89	
495.636	22.04	
495.837	33.52	
496.037	12.85	
496.238	36.97	
496.438	40.03	
496.639	43.47	
496.839	11.32	
497.039	10.94	
497.24	31.99	
497.44	72.94	
497.64	31.99	
497.841	25.1	
498.041	4.05	
498.241	63.76	
498.442	32.37	
498.642	44.62	
498.842	39.65	
499.042	35.05	
499.243	27.4	
499.443	30.84	
499.643	15.53	
499.843	33.14	
500.043	-7.43	
500.243	20.51	
500.444	28.55	
500.644	58.78	
500.844	-24.65	
501.044	40.79	
501.244	37.35	
501.444	2.52	
501.644	7.11	
501.844	18.98	
502.044	2.14	
502.244	-6.67	
502.444	17.83	
502.644	-0.92	
502.844	8.26	
503.044	-16.62	
503.244	-16.23	
503.444	4.43	
503.643	16.68	
503.843	2.9	
504.043	15.15	
504.243	6.73	
504.443	7.11	
504.643	-18.53	
504.842	10.17	
505.042	18.21	
505.242	-5.9	
505.442	7.11	
505.641	-15.09	
505.841	-19.3	
506.041	2.52	
506.241	52.28	
506.44	2.9	
506.64	14.77	
506.839	12.09	
507.039	-5.14	
507.239	-4.75	
507.438	-19.68	
507.638	27.78	
507.837	40.03	
508.037	1.37	
508.237	31.61	
508.436	-8.96	
508.636	0.99	
508.835	2.9	
509.034	15.53	
509.234	-28.48	
509.433	-21.59	
509.633	12.85	
509.832	40.03	
510.032	-17	
510.231	22.81	
510.43	-34.22	
510.63	20.89	
510.829	27.02	
511.028	-19.68	
511.228	-13.17	
511.427	-5.52	
511.626	-23.12	
511.825	10.56	
512.025	25.48	
512.224	-5.52	
512.423	25.87	
512.622	27.02	
512.822	-8.96	
513.021	38.11	
513.22	22.04	
513.419	25.48	
513.618	-2.46	
513.817	10.94	
514.016	-0.16	
514.215	35.82	
514.414	-18.15	
514.613	23.19	
514.813	-0.54	
515.012	-7.81	
515.211	48.83	
515.409	13.24	
515.608	1.37	
515.807	15.15	
516.006	3.67	
516.205	34.67	
516.404	-26.19	
516.603	9.41	
516.802	10.94	
517.001	-26.57	
517.2	11.32	
517.398	23.95	
517.597	-40.73	
517.796	10.94	
517.995	10.94	
518.194	12.09	
518.392	-13.94	
518.591	6.35	
518.79	-2.07	
518.989	-1.69	
519.187	28.16	
519.386	9.03	
519.585	12.85	
519.783	-17.38	
519.982	4.05	
520.18	14.77	
520.379	-0.92	
520.578	-20.06	
520.776	-8.2	
520.975	5.96	
521.173	0.22	
521.372	33.52	
521.57	-26.19	
521.769	14.77	
521.967	0.61	
522.166	0.61	
522.364	-12.02	
522.563	5.58	
522.761	-17	
522.96	1.75	
523.158	-47.62	
523.356	3.29	
523.555	3.67	
523.753	-7.05	
523.951	3.29	
524.15	2.14	
524.348	-9.35	
524.546	-18.53	
524.744	-8.58	
524.943	4.43	
525.141	-16.62	
525.339	3.29	
525.537	2.14	
525.736	7.5	
525.934	28.55	
526.132	-21.21	
526.33	-0.54	
526.528	-15.85	
526.726	-38.05	
526.924	13.62	
527.122	-33.46	
527.32	32.37	
527.518	5.96	
527.717	13.62	
527.915	-20.83	
528.113	24.72	
528.311	30.84	
528.509	-15.85	
528.706	0.22	
528.904	9.03	
529.102	-2.07	
529.3	5.58	
529.498	2.14	
529.696	-0.16	
529.894	7.88	
530.092	35.82	
530.29	10.17	
530.487	19.74	
530.685	-10.88	
530.883	4.82	
531.081	-25.04	
531.278	15.15	
531.476	20.13	
531.674	2.52	
531.872	9.41	
532.069	12.85	
532.267	12.09	
532.465	-7.81	
532.662	-14.7	
532.86	42.71	
533.058	-32.69	
533.255	25.87	
533.453	4.82	
533.65	30.08	
533.848	18.59	
534.045	36.58	
534.243	21.66	
534.441	18.59	
534.638	5.96	
534.835	36.58	
535.033	-25.8	
535.23	10.94	
535.428	4.43	
535.625	16.3	
535.823	-9.73	
536.02	33.9	
536.217	23.57	
536.415	52.66	
536.612	24.34	
536.809	9.03	
537.007	23.95	
537.204	23.95	
537.401	10.56	
537.599	35.44	
537.796	31.99	
537.993	59.17	
538.19	83.28	
538.387	47.3	
538.585	44.62	
538.782	62.99	
538.979	58.4	
539.176	77.92	
539.373	36.97	
539.57	118.49	
539.767	94.38	
539.965	93.61	
540.162	132.65	
540.359	147.58	
540.556	206.52	
540.753	215.71	
540.95	234.08	
541.147	249.01	
541.344	237.14	
541.541	296.08	
541.738	304.89	
541.934	266.61	
542.131	268.53	
542.328	287.66	
542.525	267.76	
542.722	290.34	
542.919	294.17	
543.116	310.63	
543.312	295.32	
543.509	320.58	
543.706	293.4	
543.903	329.76	
544.1	280.77	
544.296	262.02	
544.493	260.87	
544.69	257.81	
544.886	307.57	
545.083	353.49	
545.28	357.7	
545.476	380.29	
545.673	363.06	
545.87	372.25	
546.066	328.62	
546.263	308.33	
546.459	275.8	
546.656	291.49	
546.852	241.73	
547.049	218	
547.245	222.6	
547.442	197.72	
547.638	203.46	
547.835	206.52	
548.031	208.05	
548.228	187.77	
548.424	193.89	
548.621	137.24	
548.817	134.18	
549.013	151.02	
549.21	99.35	
549.406	115.05	
549.602	132.27	
549.799	115.05	
549.995	72.56	
550.191	111.98	
550.387	82.51	
550.584	87.87	
550.78	63.76	
550.976	82.51	
551.172	90.55	
551.368	58.78	
551.565	43.86	
551.761	83.28	
551.957	83.66	
552.153	84.43	
552.349	59.55	
552.545	43.47	
552.741	64.14	
552.937	68.73	
553.133	66.82	
553.329	27.78	
553.525	21.27	
553.721	69.88	
553.917	20.51	
554.113	47.3	
554.309	45	
554.505	1.37	
554.701	20.51	
554.897	32.37	
555.093	4.05	
555.289	33.14	
555.485	15.15	
555.68	12.09	
555.876	-0.92	
556.072	37.35	
556.268	6.73	
556.464	43.86	
556.659	-3.6	
556.855	27.4	
557.051	-28.48	
557.247	31.61	
557.442	25.87	
557.638	26.63	
557.834	7.11	
558.029	29.31	
558.225	-8.58	
558.42	-11.26	
558.616	14.38	
558.812	50.75	
559.007	14.77	
559.203	18.21	
559.398	-0.16	
559.594	15.92	
559.789	-13.17	
559.985	28.16	
560.18	29.69	
560.376	9.41	
560.571	24.72	
560.767	-0.16	
560.962	-0.16	
561.157	-27.33	
561.353	-10.11	
561.548	23.95	
561.744	-11.26	
561.939	4.82	
562.134	20.89	
562.33	15.15	
562.525	-24.27	
562.72	-3.6	
562.915	-7.81	
563.111	-23.89	
563.306	7.88	
563.501	9.41	
563.696	-11.64	
563.891	18.98	
564.087	-13.56	
564.282	30.08	
564.477	14	
564.672	-7.81	
564.867	-7.05	
565.062	-18.15	
565.257	2.14	
565.452	-17.38	
565.647	0.99	
565.842	30.46	
566.037	-2.84	
566.232	15.92	
566.427	-12.02	
566.622	-30.78	
566.817	22.42	
567.012	-5.9	
567.207	-0.54	
567.402	9.79	
567.597	-6.67	
567.792	32.76	
567.987	13.24	
568.181	-5.52	
568.376	-12.79	
568.571	36.58	
568.766	-22.36	
568.961	-22.36	
569.155	9.03	
569.35	-21.21	
569.545	-26.57	
569.739	6.73	
569.934	-22.74	
570.129	-4.37	
570.323	14	
570.518	8.26	
570.713	29.69	
570.907	-20.06	
571.102	-13.94	
571.297	5.58	
571.491	30.46	
571.686	29.69	
571.88	-38.05	
572.075	-30.78	
572.269	15.92	
572.464	1.37	
572.658	-0.16	
572.853	-5.52	
573.047	-7.43	
573.242	25.1	
573.436	2.52	
573.63	5.2	
573.825	2.14	
574.019	-3.6	
574.213	-23.51	
574.408	-7.43	
574.602	3.67	
574.796	-10.88	
574.991	-24.65	
575.185	-0.16	
575.379	-18.91	
575.573	25.1	
575.768	-9.73	
575.962	30.84	
576.156	-3.6	
576.35	10.17	
576.544	52.28	
576.738	22.04	
576.933	38.5	
577.127	43.86	
577.321	4.43	
577.515	3.29	
577.709	31.99	
577.903	34.29	
578.097	45.39	
578.291	7.88	
578.485	38.11	
578.679	36.58	
578.873	25.87	
579.067	38.88	
579.261	60.31	
579.455	16.3	
579.649	31.99	
579.843	49.21	
580.036	-12.41	
580.23	28.55	
580.424	48.83	
580.618	10.94	
580.812	47.68	
581.006	17.45	
581.199	36.97	
581.393	32.37	
581.587	62.99	
581.781	38.5	
581.974	60.31	
582.168	16.3	
582.362	43.86	
582.555	35.05	
582.749	40.79	
582.943	61.08	
583.136	35.05	
583.33	63.76	
583.523	42.32	
583.717	74.09	
583.911	16.3	
584.104	41.94	
584.298	65.67	
584.491	83.28	
584.685	54.96	
584.878	43.47	
585.072	26.25	
585.265	66.05	
585.458	36.2	
585.652	79.83	
585.845	52.66	
586.039	67.59	
586.232	61.84	
586.425	60.7	
586.619	61.46	
586.812	85.19	
587.005	40.03	
587.199	62.61	
587.392	72.94	
587.585	46.15	
587.778	58.02	
587.972	68.35	
588.165	59.17	
588.358	38.88	
588.551	59.17	
588.744	45	
588.937	51.51	
589.131	5.58	
589.324	26.63	
589.517	54.19	
589.71	38.11	
589.903	21.66	
590.096	17.45	
590.289	40.03	
590.482	43.47	
590.675	55.72	
590.868	3.29	
591.061	18.98	
591.254	39.26	
591.447	41.18	
591.64	42.32	
591.833	40.03	
592.026	38.5	
592.218	50.75	
592.411	38.5	
592.604	40.79	
592.797	49.21	
592.99	45.77	
593.183	51.89	
593.375	46.92	
593.568	41.56	
593.761	23.57	
593.954	38.11	
594.146	-0.16	
594.339	56.1	
594.532	12.85	
594.724	4.43	
594.917	42.32	
595.11	6.35	
595.302	27.02	
595.495	46.54	
595.687	26.63	
595.88	17.45	
596.073	42.32	
596.265	11.32	
596.458	46.92	
596.65	15.53	
596.843	8.64	
597.035	-4.37	
597.228	30.46	
597.42	-10.11	
597.612	15.53	
597.805	33.52	
597.997	18.59	
598.19	-6.28	
598.382	15.15	
598.574	26.63	
598.767	41.56	
598.959	10.17	
599.151	7.11	
599.344	3.67	
599.536	9.03	
599.728	9.03	
599.92	27.4	
600.113	5.2	
600.305	18.21	
600.497	0.22	
600.689	30.46	
600.881	33.14	
601.073	42.71	
601.266	40.03	
601.458	9.03	
601.65	10.56	
601.842	20.13	
602.034	4.05	
602.226	-11.64	
602.418	28.16	
602.61	-5.14	
602.802	22.04	
602.994	12.85	
603.186	9.79	
603.378	5.2	
603.57	25.87	
603.762	22.81	
603.954	-6.28	
604.146	14	
604.337	-2.84	
604.529	0.99	
604.721	31.23	
604.913	-3.6	
605.105	-7.81	
605.297	12.85	
605.488	-5.52	
605.68	-19.3	
605.872	-1.31	
606.064	28.55	
606.255	-3.99	
606.447	10.17	
606.639	4.43	
606.83	0.22	
607.022	-16.62	
607.214	4.82	
607.405	18.98	
607.597	25.48	
607.788	16.3	
607.98	42.32	
608.171	26.25	
608.363	51.89	
608.554	47.3	
608.746	41.94	
608.937	67.2	
609.129	43.86	
609.32	54.19	
609.512	111.98	
609.703	68.73	
609.895	124.23	
610.086	167.48	
610.277	236.38	
610.469	241.35	
610.66	308.71	
610.851	329	
611.043	370.33	
611.234	336.27	
611.425	324.41	
611.617	325.17	
611.808	288.81	
611.999	278.86	
612.19	240.2	
612.381	219.92	
612.573	216.47	
612.764	194.27	
612.955	202.69	
613.146	170.16	
613.337	180.49	
613.528	164.04	
613.719	148.34	
613.91	112.37	
614.101	163.65	
614.292	114.66	
614.483	124.23	
614.674	83.66	
614.865	103.18	
615.056	82.9	
615.247	62.61	
615.438	72.18	
615.629	79.83	
615.82	46.92	
616.011	92.85	
616.202	14.38	
616.393	72.18	
616.584	27.78	
616.774	87.87	
616.965	19.36	
617.156	32.76	
617.347	15.92	
617.538	-3.6	
617.728	61.08	
617.919	61.84	
618.11	-18.15	
618.3	58.78	
618.491	25.48	
618.682	3.67	
618.872	6.73	
619.063	7.88	
619.254	-8.2	
619.444	31.99	
619.635	11.32	
619.825	46.15	
620.016	38.11	
620.207	17.06	
620.397	48.07	
620.588	15.53	
620.778	50.75	
620.969	44.62	
621.159	40.03	
621.349	2.9	
621.54	44.62	
621.73	16.3	
621.921	45.39	
622.111	66.82	
622.301	67.59	
622.492	20.89	
622.682	31.23	
622.872	46.54	
623.063	14	
623.253	10.94	
623.443	30.46	
623.633	2.52	
623.824	35.82	
624.014	32.37	
624.204	59.93	
624.394	25.87	
624.584	31.23	
624.775	45	
624.965	25.48	
625.155	31.23	
625.345	43.09	
625.535	41.94	
625.725	7.88	
625.915	30.84	
626.105	28.16	
626.295	33.9	
626.485	33.9	
626.675	40.03	
626.865	16.68	
627.055	51.13	
627.245	10.94	
627.435	45	
627.625	0.99	
627.815	25.48	
628.005	12.85	
628.194	15.92	
628.384	9.41	
628.574	27.02	
628.764	28.93	
628.954	41.94	
629.143	29.69	
629.333	20.89	
629.523	50.36	
629.713	5.2	
629.902	18.21	
630.092	42.32	
630.282	66.82	
630.471	27.78	
630.661	40.79	
630.851	55.72	
631.04	35.82	
631.23	44.24	
631.419	48.45	
631.609	24.72	
631.799	15.92	
631.988	6.35	
632.178	2.52	
632.367	48.07	
632.557	4.82	
632.746	5.96	
632.935	-4.37	
633.125	12.85	
633.314	23.57	
633.504	-3.99	
633.693	-19.68	
633.882	10.94	
634.072	-6.28	
634.261	5.96	
634.45	-18.53	
634.64	1.37	
634.829	2.52	
635.018	7.5	
635.208	-6.28	
635.397	-15.47	
635.586	7.5	
635.775	2.9	
635.964	12.47	
636.154	-12.79	
636.343	25.48	
636.532	-27.33	
636.721	-37.29	
636.91	9.03	
637.099	-0.92	
637.288	-1.69	
637.477	4.82	
637.666	51.13	
637.855	4.43	
638.044	5.96	
638.233	18.59	
638.422	-7.05	
638.611	15.15	
638.8	4.05	
638.989	-13.94	
639.178	28.55	
639.367	-12.79	
639.556	22.81	
639.745	14	
639.934	-13.56	
640.122	-13.94	
640.311	-21.59	
640.5	17.45	
640.689	-0.54	
640.878	-16.62	
641.066	18.21	
641.255	11.32	
641.444	18.98	
641.633	11.32	
641.821	8.64	
642.01	-2.07	
642.199	-49.15	
642.387	6.73	
642.576	-18.15	
642.764	0.22	
642.953	36.97	
643.142	20.89	
643.33	-1.69	
643.519	10.17	
643.707	-18.91	
643.896	-18.15	
644.084	14	
644.273	-25.04	
644.461	32.76	
644.649	10.56	
644.838	23.57	
645.026	-16.23	
645.215	27.78	
645.403	-14.7	
645.591	-18.53	
645.78	-18.15	
645.968	-3.99	
646.156	18.98	
646.345	3.29	
646.533	23.57	
646.721	26.25	
646.909	11.32	
647.098	8.26	
647.286	-18.91	
647.474	5.2	
647.662	14.77	
647.85	15.53	
648.039	-8.58	
648.227	2.52	
648.415	35.44	
648.603	2.9	
648.791	6.73	
648.979	44.24	
649.167	10.94	
649.355	-23.89	
649.543	12.47	
649.731	12.47	
649.919	-3.6	
650.107	-0.54	
650.295	26.25	
650.483	14	
650.671	-36.52	
650.859	28.16	
651.047	-27.72	
651.235	4.82	
651.422	-0.54	
651.61	23.95	
651.798	8.26	
651.986	25.48	
652.174	-18.15	
652.361	19.36	
652.549	-14.32	
652.737	-31.93	
652.925	-0.16	
653.112	-7.05	
653.3	-13.94	
653.488	22.42	
653.675	-9.35	
653.863	0.22	
654.051	20.51	
654.238	-11.26	
654.426	-20.44	
654.613	-23.51	
654.801	-0.54	
654.988	-39.2	
655.176	7.5	
655.363	23.95	
655.551	7.5	
655.738	-56.81	
655.926	-36.9	
656.113	-31.16	
656.301	28.55	
656.488	42.71	
656.675	-3.6	
656.863	-6.67	
657.05	-18.53	
657.238	9.79	
657.425	-16.23	
657.612	21.27	
657.799	-23.51	
657.987	13.62	
658.174	-16.23	
658.361	-1.69	
658.548	-22.74	
658.736	-3.22	
658.923	-6.67	
659.11	6.73	
659.297	-22.36	
659.484	-0.54	
659.671	20.13	
659.859	-1.31	
660.046	0.61	
660.233	18.98	
660.42	18.21	
660.607	-4.37	
660.794	11.71	
660.981	-13.56	
661.168	1.75	
661.355	21.27	
661.542	-10.88	
661.729	20.89	
661.916	16.68	
662.103	-3.6	
662.289	56.87	
662.476	42.71	
662.663	-7.81	
662.85	-28.1	
663.037	19.74	
663.224	15.92	
663.41	6.35	
663.597	9.41	
663.784	-21.59	
663.971	27.4	
664.157	31.99	
664.344	12.85	
664.531	3.67	
664.718	20.51	
664.904	1.37	
665.091	7.5	
665.277	-8.2	
665.464	-12.41	
665.651	-30.78	
665.837	5.58	
666.024	20.89	
666.21	-3.99	
666.397	14.77	
666.583	1.75	
666.77	-37.67	
666.956	4.82	
667.143	-6.67	
667.329	18.59	
667.516	-56.42	
667.702	4.43	
667.889	2.52	
668.075	-23.89	
668.261	2.9	
668.448	7.11	
668.634	-15.09	
668.82	-22.74	
669.007	-24.27	
669.193	-17.38	
669.379	-16.23	
669.565	-8.2	
669.752	-10.49	
669.938	-8.96	
670.124	-34.61	
670.31	-16.62	
670.496	-8.2	
670.683	-18.15	
670.869	-31.93	
671.055	-27.33	
671.241	-21.98	
671.427	-4.75	
671.613	11.71	
671.799	-7.81	
671.985	-12.79	
672.171	5.96	
672.357	-35.75	
672.543	-14.32	
672.729	-24.65	
672.915	15.92	
673.101	-3.6	
673.287	5.58	
673.473	-4.75	
673.659	-18.15	
673.844	-7.43	
674.03	3.67	
674.216	5.96	
674.402	1.75	
674.588	5.58	
674.774	28.93	
674.959	-41.11	
675.145	-12.79	
675.331	6.35	
675.517	12.85	
675.702	-21.98	
675.888	-7.05	
676.074	-28.48	
676.259	-21.59	
676.445	-7.81	
676.631	-4.37	
676.816	-21.21	
677.002	8.26	
677.187	39.26	
677.373	-8.58	
677.558	-3.6	
677.744	50.75	
677.929	3.29	
678.115	-25.8	
678.3	-20.83	
678.486	7.11	
678.671	-19.3	
678.857	-11.26	
679.042	-35.75	
679.227	30.84	
679.413	5.2	
679.598	-25.42	
679.783	-23.51	
679.969	0.61	
680.154	4.82	
680.339	-13.94	
680.525	-26.57	
680.71	-7.05	
680.895	-6.28	
681.08	-3.6	
681.266	-24.27	
681.451	-7.81	
681.636	21.27	
681.821	21.66	
682.006	-3.99	
682.191	6.35	
682.376	15.15	
682.561	-7.43	
682.747	6.73	
682.932	-26.19	
683.117	37.73	
683.302	2.14	
683.487	9.03	
683.672	-1.69	
683.857	-9.73	
684.042	-0.54	
684.226	-14.7	
684.411	3.67	
684.596	-10.88	
684.781	25.87	
684.966	-25.04	
685.151	-22.74	
685.336	2.14	
685.521	27.78	
685.705	35.82	
685.89	-0.54	
686.075	-1.31	
686.26	25.87	
686.444	9.79	
686.629	16.68	
686.814	-12.41	
686.998	10.17	
687.183	-28.1	
687.368	-17.38	
687.552	22.42	
687.737	11.32	
687.922	19.74	
688.106	-26.95	
688.291	-8.2	
688.475	25.87	
688.66	6.73	
688.844	7.11	
689.029	28.16	
689.213	15.15	
689.398	-54.13	
689.582	8.64	
689.767	-6.28	
689.951	21.27	
690.136	15.53	
690.32	22.42	
690.504	-16.23	
690.689	-12.41	
690.873	-18.91	
691.057	-7.05	
691.242	-2.46	
691.426	21.27	
691.61	-21.98	
691.794	12.09	
691.979	-24.65	
692.163	-18.53	
692.347	13.62	
692.531	7.88	
692.715	4.05	
692.899	6.35	
693.084	-37.29	
693.268	14	
693.452	-15.85	
693.636	-29.25	
693.82	-11.26	
694.004	-16.23	
694.188	-16.62	
694.372	10.56	
694.556	7.11	
694.74	-2.46	
694.924	-20.44	
695.108	7.11	
695.292	-30.4	
695.476	-4.75	
695.66	12.85	
695.844	2.52	
696.027	-21.21	
696.211	25.1	
696.395	-17.38	
696.579	-4.75	
696.763	-17	
696.946	23.57	
697.13	-8.96	
697.314	-3.6	
697.498	29.31	
697.681	24.34	
697.865	-44.94	
698.049	-17	
698.232	-23.12	
698.416	2.9	
698.6	-17.77	
698.783	-3.99	
698.967	-28.48	
699.15	7.88	
699.334	7.5	
699.518	22.04	
699.701	-13.94	
699.885	-1.31	
700.068	-30.01	
700.252	12.47	
700.435	1.75	
700.618	2.9	
700.802	-17.38	
700.985	-21.59	
701.169	3.67	
701.352	-6.28	
701.535	-20.83	
701.719	-23.12	
701.902	-22.74	
702.085	-27.72	
702.269	-8.2	
702.452	27.4	
702.635	-32.69	
702.818	-27.33	
703.002	-10.49	
703.185	-7.81	
703.368	-3.6	
703.551	30.84	
703.734	-9.35	
703.918	16.68	
704.101	17.83	
704.284	-37.67	
704.467	24.72	
704.65	9.41	
704.833	10.17	
705.016	8.26	
705.199	-28.87	
705.382	28.16	
705.565	7.11	
705.748	17.83	
705.931	47.3	
706.114	-7.43	
706.297	-10.88	
706.48	19.74	
706.663	31.23	
706.845	15.53	
707.028	25.87	
707.211	24.34	
707.394	15.53	
707.577	-22.74	
707.76	-4.37	
707.942	9.03	
708.125	21.66	
708.308	29.31	
708.49	35.05	
708.673	28.55	
708.856	-0.92	
709.039	22.81	
709.221	10.94	
709.404	25.1	
709.586	-20.06	
709.769	5.58	
709.952	-20.44	
710.134	-7.43	
710.317	-33.84	
710.499	14	
710.682	-9.35	
710.864	14.38	
711.047	15.53	
711.229	7.11	
711.412	35.44	
711.594	21.27	
711.776	-10.88	
711.959	31.23	
712.141	4.82	
712.324	32.37	
712.506	-2.07	
712.688	-7.43	
712.871	10.56	
713.053	42.32	
713.235	-15.85	
713.417	37.73	
713.6	0.99	
713.782	5.58	
713.964	-26.19	
714.146	4.43	
714.328	-23.12	
714.511	6.35	
714.693	-25.42	
714.875	-41.88	
715.057	-18.91	
715.239	-22.36	
715.421	-7.81	
715.603	12.09	
715.785	7.5	
715.967	-17.77	
716.149	-7.81	
716.331	1.37	
716.513	-9.35	
716.695	2.52	
716.877	14.38	
717.059	5.58	
717.241	-23.51	
717.423	0.61	
717.605	-29.63	
717.786	6.35	
717.968	-8.58	
718.15	-8.58	
718.332	-36.14	
718.514	-25.42	
718.695	-32.69	
718.877	-39.2	
719.059	-32.69	
719.241	-2.07	
719.422	-11.64	
719.604	-3.22	
719.786	-38.05	
719.967	10.17	
720.149	-8.96	
720.331	-27.33	
720.512	-27.33	
720.694	19.74	
720.875	-21.21	
721.057	19.74	
721.238	-15.09	
721.42	-9.73	
721.601	-60.25	
721.783	-27.33	
721.964	-21.98	
722.146	-26.95	
722.327	-19.3	
722.509	15.53	
722.69	-25.42	
722.871	-7.43	
723.053	-14.7	
723.234	49.21	
723.415	1.75	
723.597	42.71	
723.778	-12.79	
723.959	7.5	
724.14	-8.58	
724.322	11.71	
724.503	4.82	
724.684	-16.23	
724.865	-13.56	
725.047	7.5	
725.228	12.85	
725.409	-27.33	
725.59	7.5	
725.771	-17.38	
725.952	-21.21	
726.133	5.2	
726.314	-6.28	
726.495	6.35	
726.676	-10.49	
726.857	15.92	
727.038	6.73	
727.219	4.43	
727.4	-27.33	
727.581	0.22	
727.762	-23.51	
727.943	16.68	
728.124	-7.43	
728.305	7.11	
728.485	-7.05	
728.666	7.88	
728.847	-12.02	
729.028	-18.53	
729.209	-7.43	
729.389	36.2	
729.57	-4.37	
729.751	-0.92	
729.932	14.77	
730.112	-48	
730.293	-5.52	
730.474	-7.43	
730.654	-22.36	
730.835	5.58	
731.015	-30.78	
731.196	-32.31	
731.377	-10.11	
731.557	35.05	
731.738	-25.42	
731.918	6.73	
732.099	-12.79	
732.279	23.19	
732.46	-5.9	
732.64	-12.79	
732.821	-20.44	
733.001	15.53	
733.181	23.95	
733.362	12.47	
733.542	-13.94	
733.722	-1.69	
733.903	-15.85	
734.083	-20.44	
734.263	-29.63	
734.444	2.52	
734.624	-12.41	
734.804	-7.05	
734.984	-18.53	
735.165	42.32	
735.345	-8.58	
735.525	-17.38	
735.705	-17.38	
735.885	46.15	
736.065	4.43	
736.246	-3.22	
736.426	36.58	
736.606	46.92	
736.786	-50.3	
736.966	4.05	
737.146	5.58	
737.326	-30.4	
737.506	2.14	
737.686	-22.36	
737.866	-13.56	
738.046	-2.46	
738.226	-8.58	
738.405	-27.33	
738.585	4.43	
738.765	11.32	
738.945	-34.61	
739.125	-3.99	
739.305	-9.73	
739.485	-7.05	
739.664	-12.79	
739.844	5.2	
740.024	-21.59	
740.204	-26.19	
740.383	12.85	
740.563	6.73	
740.743	-16.23	
740.922	-6.28	
741.102	-11.26	
741.282	13.24	
741.461	-4.75	
741.641	11.32	
741.82	-29.63	
742	-1.31	
742.179	-31.93	
742.359	-3.6	
742.538	-2.84	
742.718	-1.31	
742.897	4.43	
743.077	-39.58	
743.256	-13.94	
743.436	-14.32	
743.615	-17.77	
743.795	-10.88	
743.974	10.17	
744.153	20.51	
744.333	2.52	
744.512	-8.96	
744.691	12.47	
744.87	20.89	
745.05	-6.28	
745.229	22.81	
745.408	-21.21	
745.587	4.43	
745.767	-14.32	
745.946	1.37	
746.125	-29.25	
746.304	19.36	
746.483	-41.88	
746.662	-18.91	
746.841	-24.65	
747.02	19.36	
747.2	-26.19	
747.379	-21.59	
747.558	2.14	
747.737	-9.73	
747.916	-3.6	
748.095	-27.33	
748.274	-10.11	
748.452	-24.27	
748.631	-15.47	
748.81	-14.32	
748.989	-31.54	
749.168	-24.65	
749.347	-27.33	
749.526	-3.6	
749.705	24.34	
749.883	-17.77	
750.062	-2.07	
750.241	19.36	
750.42	-16.23	
750.598	-3.99	
750.777	-12.41	
750.956	-30.4	
751.134	-38.43	
751.313	-12.79	
751.492	2.9	
751.67	0.61	
751.849	9.03	
752.028	-10.88	
752.206	-39.96	
752.385	38.5	
752.563	-33.08	
752.742	-7.05	
752.92	7.5	
753.099	-25.8	
753.277	-9.73	
753.456	-21.59	
753.634	3.29	
753.812	-7.81	
753.991	-12.02	
754.169	-1.69	
754.348	-7.43	
754.526	0.61	
754.704	-21.59	
754.883	-19.3	
755.061	6.35	
755.239	-9.35	
755.417	-33.84	
755.596	-27.33	
755.774	-25.42	
755.952	-8.2	
756.13	-60.25	
756.308	-8.58	
756.487	-28.87	
756.665	-33.46	
756.843	-22.36	
757.021	-23.89	
757.199	-20.83	
757.377	34.67	
757.555	-2.84	
757.733	-23.12	
757.911	0.61	
758.089	14.38	
758.267	-34.61	
758.445	-7.05	
758.623	14	
758.801	9.03	
758.979	-4.75	
759.157	13.24	
759.335	14.77	
759.513	39.26	
759.69	9.41	
759.868	26.63	
760.046	-6.67	
760.224	-1.31	
760.402	27.78	
760.579	-6.67	
760.757	23.95	
760.935	28.16	
761.113	25.1	
761.29	-0.16	
761.468	22.04	
761.646	-33.46	
761.823	-3.99	
762.001	7.5	
762.178	15.53	
762.356	-3.6	
762.534	2.14	
762.711	-19.68	
762.889	-33.46	
763.066	0.99	
763.244	-32.31	
763.421	1.37	
763.599	-8.2	
763.776	32.76	
763.954	-0.54	
764.131	-6.67	
764.308	-2.46	
764.486	-2.84	
764.663	-34.22	
764.84	-7.81	
765.018	0.61	
765.195	-17	
765.372	-11.26	
765.55	-21.59	
765.727	-10.49	
765.904	9.41	
766.081	-8.96	
766.258	-10.88	
766.436	-0.54	
766.613	-19.68	
766.79	-2.84	
766.967	29.69	
767.144	-23.12	
767.321	16.68	
767.498	-21.21	
767.675	-1.31	
767.852	21.27	
768.029	2.52	
768.206	-14.32	
768.383	23.95	
768.56	-23.51	
768.737	-11.26	
768.914	5.96	
769.091	10.56	
769.268	-2.46	
769.445	-5.9	
769.622	-7.81	
769.799	20.89	
769.976	-36.14	
770.152	9.03	
770.329	-13.56	
770.506	19.36	
770.683	-7.05	
770.86	-15.47	
771.036	-25.42	
771.213	28.16	
771.39	8.26	
771.566	-21.59	
771.743	-51.83	
771.92	-25.8	
772.096	14	
772.273	-22.36	
772.449	35.44	
772.626	18.59	
772.803	17.45	
772.979	1.37	
773.156	-17.77	
773.332	-1.69	
773.509	22.42	
773.685	35.82	
773.861	10.56	
774.038	1.75	
774.214	-15.85	
774.391	-11.64	
774.567	-21.21	
774.743	8.26	
774.92	16.68	
775.096	-13.56	
775.272	-16.62	
775.449	-1.31	
775.625	-3.22	
775.801	-15.47	
775.977	-7.05	
776.154	-8.58	
776.33	-28.87	
776.506	-38.05	
776.682	-7.43	
776.858	-2.46	
777.035	-1.69	
777.211	17.06	
777.387	-6.28	
777.563	-12.79	
777.739	6.35	
777.915	-36.52	
778.091	-0.16	
778.267	-18.15	
778.443	4.05	
778.619	-40.73	
778.795	-9.73	
778.971	7.11	
779.147	-33.84	
779.323	-17	
779.499	-24.65	
779.674	4.43	
779.85	-22.36	
780.026	-16.62	
780.202	3.67	
780.378	-7.81	
780.554	-30.78	
780.729	12.85	
780.905	-49.15	
781.081	-11.26	
781.256	-6.67	
781.432	-4.75	
781.608	-28.1	
781.783	-0.92	
781.959	-5.52	
782.135	-14.32	
782.31	13.24	
782.486	9.41	
782.662	3.29	
782.837	-8.96	
783.013	-17.38	
783.188	-9.35	
783.364	-13.94	
783.539	-18.15	
783.715	-11.26	
783.89	7.5	
784.065	-3.6	
784.241	-8.2	
784.416	15.15	
784.592	-5.9	
784.767	-19.68	
784.942	-12.41	
785.118	-23.89	
785.293	-29.63	
785.468	-9.73	
785.643	27.4	
785.819	-3.6	
785.994	-15.85	
786.169	-26.95	
786.344	3.67	
786.52	-15.09	
786.695	-12.79	
786.87	6.35	
787.045	-36.14	
787.22	-29.25	
787.395	4.82	
787.57	38.88	
787.745	-5.14	
787.92	-5.9	
788.095	-22.74	
788.27	-16.62	
788.445	-20.44	
788.62	-17.38	
788.795	-11.26	
788.97	-32.31	
789.145	-13.56	
789.32	9.79	
789.495	-13.56	
789.67	-17.38	
789.845	-11.26	
790.02	5.58	
790.194	-35.37	
790.369	1.75	
790.544	6.73	
790.719	-23.12	
790.893	-5.52	
791.068	-20.83	
791.243	10.94	
791.418	-18.15	
791.592	18.98	
791.767	-45.71	
791.941	-36.9	
792.116	26.25	
792.291	7.88	
792.465	-21.98	
792.64	-31.16	
792.814	0.61	
792.989	-20.44	
793.163	-23.89	
793.338	-20.83	
793.512	4.05	
793.687	-10.88	
793.861	-21.98	
794.036	12.85	
794.21	-23.51	
794.385	23.57	
794.559	-12.02	
794.733	29.69	
794.908	40.79	
795.082	25.1	
795.256	-0.92	
795.43	14	
795.605	-34.99	
795.779	-30.01	
795.953	5.2	
796.127	41.56	
796.302	-4.75	
796.476	1.75	
796.65	12.85	
796.824	-18.91	
796.998	-10.11	
797.172	-17.38	
797.346	-28.1	
797.52	-17.38	
797.694	-26.95	
797.869	14.38	
798.043	-35.37	
798.217	1.37	
798.391	4.43	
798.564	-0.92	
798.738	-23.89	
798.912	-3.99	
799.086	2.52	
799.26	-13.56	
799.434	-26.19	
799.608	-16.62	
799.782	-10.11	
799.956	-18.15	
800.129	-29.63	
800.303	-10.88	
800.477	0.61	
800.651	12.09	
800.824	1.37	
800.998	-30.78	
801.172	-6.67	
801.345	-18.53	
801.519	-17	
801.693	29.69	
801.866	22.81	
802.04	-6.67	
802.214	-38.82	
802.387	25.48	
802.561	4.82	
802.734	16.3	
802.908	9.79	
803.081	3.67	
803.255	-5.9	
803.428	-7.43	
803.602	-13.94	
803.775	-15.47	
803.948	17.06	
804.122	18.59	
804.295	-21.59	
804.469	-17.77	
804.642	11.71	
804.815	4.82	
804.989	-7.81	
805.162	-0.54	
805.335	-25.8	
805.508	-3.99	
805.682	19.36	
805.855	6.73	
806.028	-31.54	
806.201	-7.81	
806.374	8.64	
806.547	37.73	
806.721	1.37	
806.894	-13.17	
807.067	27.78	
807.24	-23.12	
807.413	28.55	
807.586	2.9	
807.759	10.17	
807.932	-14.7	
808.105	-21.21	
808.278	-17	
808.451	-16.62	
808.624	22.81	
808.797	10.17	
808.97	30.08	
809.143	7.88	
809.315	6.35	
809.488	13.24	
809.661	5.96	
809.834	20.89	
810.007	25.87	
810.179	14.38	
810.352	3.67	
810.525	-27.33	
810.698	-32.31	
810.87	10.94	
811.043	-0.54	
811.216	-12.41	
811.388	8.26	
811.561	-5.52	
811.733	-11.64	
811.906	31.23	
812.079	-22.36	
812.251	-20.06	
812.424	-0.16	
812.596	-45.32	
812.769	-4.37	
812.941	-3.99	
813.114	-14.32	
813.286	-6.67	
813.459	16.68	
813.631	-15.09	
813.803	22.81	
813.976	-8.96	
814.148	-34.61	
814.32	0.61	
814.493	-7.43	
814.665	-7.81	
814.837	-9.73	
815.01	3.29	
815.182	12.09	
815.354	27.4	
815.526	-9.73	
815.699	3.29	
815.871	-1.31	
816.043	-2.84	
816.215	10.94	
816.387	-34.22	
816.559	-5.52	
816.731	-19.68	
816.903	-3.22	
817.075	-8.96	
817.248	-3.6	
817.42	-33.46	
817.592	13.62	
817.764	-3.22	
817.935	-3.22	
818.107	-1.31	
818.279	-2.07	
818.451	-2.84	
818.623	-7.81	
818.795	-10.49	
818.967	9.41	
819.139	4.43	
819.311	18.59	
819.482	9.79	
819.654	-0.92	
819.826	-14.32	
819.998	0.22	
820.169	10.94	
820.341	-33.08	
820.513	-10.49	
820.684	-21.59	
820.856	-12.41	
821.028	-20.44	
821.199	-39.2	
821.371	-5.52	
821.543	-7.05	
821.714	-5.52	
821.886	-50.68	
822.057	-6.28	
822.229	-39.96	
822.4	-36.9	
822.572	-67.9	
822.743	7.88	
822.915	-10.49	
823.086	-3.6	
823.257	-26.19	
823.429	1.75	
823.6	-9.73	
823.772	-7.81	
823.943	7.5	
824.114	0.61	
824.285	-11.26	
824.457	4.43	
824.628	-47.24	
824.799	12.47	
824.971	-7.43	
825.142	26.25	
825.313	-0.16	
825.484	-41.11	
825.655	-41.11	
825.826	16.3	
825.997	27.78	
826.169	-4.37	
826.34	10.56	
826.511	-7.05	
826.682	-4.75	
826.853	0.22	
827.024	-7.81	
827.195	-7.43	
827.366	-36.52	
827.537	-3.6	
827.708	-5.52	
827.879	-11.64	
828.05	-7.81	
828.22	-1.31	
828.391	-1.69	
828.562	-16.62	
828.733	-10.11	
828.904	7.88	
829.075	-10.88	
829.245	-29.63	
829.416	13.24	
829.587	-8.58	
829.758	11.71	
829.928	7.88	
830.099	5.2	
830.27	-7.05	
830.44	5.2	
830.611	8.26	
830.782	-2.07	
830.952	-8.58	
831.123	30.84	
831.293	1.37	
831.464	-31.54	
831.634	-14.7	
831.805	-13.94	
831.975	-3.99	
832.146	-9.73	
832.316	-13.94	
832.487	-20.83	
832.657	-4.75	
832.827	-1.69	
832.998	32.76	
833.168	-3.6	
833.339	17.83	
833.509	14	
833.679	-35.75	
833.849	-28.1	
834.02	0.61	
834.19	-16.23	
834.36	27.78	
834.53	6.73	
834.701	-12.02	
834.871	9.79	
835.041	-41.5	
835.211	-8.2	
835.381	27.4	
835.551	-22.74	
835.721	4.82	
835.892	-10.11	
836.062	7.11	
836.232	1.75	
836.402	-25.42	
836.572	-0.54	
836.742	-6.67	
836.912	0.61	
837.082	-12.41	
837.251	7.5	
837.421	30.08	
837.591	-2.07	
837.761	4.43	
837.931	-30.01	
838.101	-15.09	
838.271	0.22	
838.44	-19.3	
838.61	0.61	
838.78	22.42	
838.95	-22.74	
839.119	-5.9	
839.289	-27.72	
839.459	10.94	
839.629	0.99	
839.798	-2.84	
839.968	0.22	
840.137	3.29	
840.307	5.58	
840.477	8.64	
840.646	-48.77	
840.816	22.81	
840.985	-23.12	
841.155	22.81	
841.324	-4.75	
841.494	-21.98	
841.663	-15.47	
841.833	-34.22	
842.002	-40.73	
842.171	10.17	
842.341	22.04	
842.51	19.36	
842.68	-7.05	
842.849	12.09	
843.018	-34.61	
843.187	-11.26	
843.357	12.47	
843.526	9.03	
843.695	5.58	
843.864	-9.73	
844.034	10.94	
844.203	-7.43	
844.372	4.05	
844.541	-5.52	
844.71	10.56	
844.879	-11.64	
845.048	-14.32	
845.218	-1.69	
845.387	-31.16	
845.556	-13.17	
845.725	5.96	
845.894	5.96	
846.063	0.61	
846.232	-31.54	
846.401	-12.41	
846.569	-0.54	
846.738	-1.69	
846.907	23.57	
847.076	-24.65	
847.245	-7.43	
847.414	-6.67	
847.583	-16.62	
847.751	-9.35	
847.92	-32.69	
848.089	-15.85	
848.258	15.92	
848.426	-3.22	
848.595	12.85	
848.764	-13.94	
848.933	-38.82	
849.101	-16.23	
849.27	10.56	
849.438	25.48	
849.607	-26.95	
849.776	9.41	
849.944	-19.68	
850.113	-13.56	
850.281	21.27	
850.45	9.41	
850.618	-34.22	
850.787	-36.14	
850.955	-6.28	
851.124	-8.58	
851.292	-14.7	
851.46	-8.58	
851.629	3.29	
851.797	-6.67	
851.966	3.29	
852.134	-20.83	
852.302	-2.46	
852.47	-19.68	
852.639	-13.17	
852.807	-15.85	
852.975	8.64	
853.143	-49.53	
853.312	-12.79	
853.48	-13.17	
853.648	-36.52	
853.816	-23.89	
853.984	1.37	
854.152	-19.68	
854.32	13.24	
854.489	23.95	
854.657	20.51	
854.825	-20.83	
854.993	-8.2	
855.161	-2.07	
855.329	-57.57	
855.497	9.79	
855.665	28.16	
855.832	-20.06	
856	42.71	
856.168	-11.26	
856.336	25.48	
856.504	6.73	
856.672	-17.38	
856.84	-9.35	
857.007	-12.79	
857.175	7.5	
857.343	5.58	
857.511	42.71	
857.678	37.73	
857.846	-28.1	
858.014	9.03	
858.181	2.9	
858.349	-24.65	
858.517	-13.17	
858.684	18.59	
858.852	-4.75	
859.02	10.94	
859.187	-20.06	
859.355	-17	
859.522	-1.31	
859.69	8.64	
859.857	-8.58	
860.025	-18.53	
860.192	-17.38	
860.359	-21.98	
860.527	-34.61	
860.694	19.74	
860.862	-7.81	
861.029	5.2	
861.196	26.63	
861.364	-30.78	
861.531	-14.32	
861.698	-3.6	
861.866	-6.28	
862.033	6.73	
862.2	-26.57	
862.367	-18.53	
862.534	-19.68	
862.702	-24.65	
862.869	-2.46	
863.036	-21.98	
863.203	-40.35	
863.37	23.57	
863.537	-9.73	
863.704	-20.83	
863.871	3.29	
864.038	-17	
864.205	-42.64	
864.372	12.85	
864.539	-4.75	
864.706	-12.79	
864.873	-8.2	
865.04	0.22	
865.207	27.4	
865.374	-14.7	
865.541	-26.57	
865.708	-6.28	
865.874	-25.04	
866.041	16.3	
866.208	-10.11	
866.375	-35.37	
866.541	-40.35	
866.708	-22.74	
866.875	7.5	
867.042	-12.79	
867.208	-15.85	
867.375	-36.14	
867.542	17.45	
867.708	-1.69	
867.875	-55.27	
868.041	18.21	
868.208	-5.9	
868.374	-21.21	
868.541	-22.36	
868.708	-7.05	
868.874	-3.99	
869.04	-10.88	
869.207	-12.79	
869.373	24.72	
869.54	29.69	
869.706	-15.09	
869.873	6.35	
870.039	-46.09	
870.205	-4.37	
870.372	-7.05	
870.538	-23.51	
870.704	1.75	
870.87	-16.62	
871.037	-25.8	
871.203	-3.22	
871.369	-6.28	
871.535	2.52	
871.702	23.95	
871.868	18.21	
872.034	-21.59	
872.2	51.51	
872.366	-9.35	
872.532	9.79	
872.698	-8.96	
872.864	-41.5	
873.03	-0.92	
873.196	11.71	
873.362	7.88	
873.528	-24.27	
873.694	17.83	
873.86	-17.38	
874.026	15.15	
874.192	-29.25	
874.358	5.58	
874.524	-17	
874.69	-20.44	
874.855	-7.81	
875.021	-29.25	
875.187	-48	
875.353	-6.28	
875.519	-45.71	
875.684	-23.12	
875.85	9.41	
876.016	36.97	
876.181	-12.79	
876.347	-15.85	
876.513	-11.26	
876.678	-24.27	
876.844	-5.14	
877.01	26.63	
877.175	8.26	
877.341	-41.88	
877.506	-1.31	
877.672	-37.67	
877.837	-38.43	
878.003	10.17	
878.168	-30.4	
878.334	-22.36	
878.499	-23.89	
878.664	-26.57	
878.83	-34.99	
878.995	7.11	
879.16	-33.08	
879.326	-13.94	
879.491	-4.75	
879.656	-4.37	
879.822	9.03	
879.987	-11.26	
880.152	-27.33	
880.317	-25.04	
880.483	-5.14	
880.648	-30.01	
880.813	12.09	
880.978	-3.6	
881.143	-7.81	
881.308	-14.32	
881.473	-30.78	
881.638	-33.46	
881.804	2.9	
881.969	-18.91	
882.134	35.05	
882.299	-10.49	
882.464	-11.64	
882.628	-17.77	
882.793	2.14	
882.958	11.32	
883.123	0.61	
883.288	5.96	
883.453	-16.62	
883.618	-13.17	
883.783	-31.93	
883.947	3.67	
884.112	1.75	
884.277	0.61	
884.442	26.63	
884.607	37.73	
884.771	-28.87	
884.936	-19.3	
885.101	-3.99	
885.265	1.37	
885.43	-10.11	
885.595	15.92	
885.759	-27.72	
885.924	-7.05	
886.088	-26.19	
886.253	-20.44	
886.417	2.9	
886.582	10.17	
886.746	-28.1	
886.911	4.05	
887.075	-10.11	
887.24	34.67	
887.404	-26.19	
887.569	-18.53	
887.733	-26.95	
887.897	12.85	
888.062	0.99	
888.226	-25.04	
888.39	-0.16	
888.555	-7.43	
888.719	-7.05	
888.883	-12.41	
889.047	4.05	
889.212	-14.32	
889.376	-8.2	
889.54	2.52	
889.704	2.52	
