FLMT09758_1:101		
180.403	0.99	
180.624	0.99	
180.845	0.99	
181.066	-14.32	
181.287	-32.69	
181.509	3.29	
181.73	17.45	
181.951	-19.68	
182.172	5.96	
182.393	2.9	
182.614	18.59	
182.835	-13.17	
183.056	-30.4	
183.277	-31.16	
183.498	0.99	
183.719	15.92	
183.94	29.31	
184.161	7.11	
184.382	28.93	
184.603	9.03	
184.824	20.13	
185.045	62.99	
185.266	-1.69	
185.487	-6.28	
185.708	10.56	
185.929	30.84	
186.15	11.71	
186.37	48.83	
186.591	30.08	
186.812	18.98	
187.033	-5.9	
187.254	-4.75	
187.475	53.42	
187.695	5.96	
187.916	67.59	
188.137	-13.94	
188.358	7.88	
188.578	54.57	
188.799	35.05	
189.02	35.05	
189.24	20.51	
189.461	-6.67	
189.682	50.36	
189.902	7.11	
190.123	30.46	
190.344	9.41	
190.564	5.58	
190.785	18.59	
191.006	-5.14	
191.226	6.73	
191.447	10.56	
191.667	34.67	
191.888	49.98	
192.108	-5.14	
192.329	22.81	
192.549	22.42	
192.77	50.75	
192.99	54.96	
193.211	3.29	
193.431	15.92	
193.652	-8.58	
193.872	-7.43	
194.092	-8.2	
194.313	3.29	
194.533	9.79	
194.754	16.3	
194.974	76.77	
195.194	33.9	
195.415	-7.05	
195.635	27.78	
195.855	34.29	
196.076	2.52	
196.296	30.08	
196.516	12.09	
196.736	42.32	
196.957	-11.26	
197.177	39.26	
197.397	18.21	
197.617	44.24	
197.838	23.57	
198.058	9.79	
198.278	27.78	
198.498	29.69	
198.718	3.67	
198.938	-21.21	
199.158	17.83	
199.379	20.89	
199.599	25.87	
199.819	35.82	
200.039	-8.2	
200.259	5.58	
200.479	-9.35	
200.699	60.7	
200.919	-5.9	
201.139	38.88	
201.359	22.04	
201.579	20.51	
201.799	-2.46	
202.019	5.58	
202.239	-6.67	
202.459	5.58	
202.679	46.92	
202.899	22.81	
203.118	53.81	
203.338	41.18	
203.558	-0.92	
203.778	39.65	
203.998	23.19	
204.218	30.08	
204.438	15.53	
204.657	44.62	
204.877	45.77	
205.097	26.25	
205.317	15.92	
205.536	9.03	
205.756	-5.52	
205.976	5.96	
206.196	14.77	
206.415	27.78	
206.635	-7.05	
206.855	41.56	
207.074	27.78	
207.294	-3.6	
207.514	28.93	
207.733	14	
207.953	45	
208.172	27.78	
208.392	9.03	
208.612	40.03	
208.831	16.3	
209.051	10.94	
209.27	-18.91	
209.49	31.23	
209.709	30.08	
209.929	-3.22	
210.148	10.94	
210.368	25.87	
210.587	11.71	
210.807	29.69	
211.026	35.44	
211.245	6.35	
211.465	41.18	
211.684	31.23	
211.904	36.58	
212.123	36.97	
212.342	28.55	
212.562	9.03	
212.781	47.68	
213	8.64	
213.22	-10.49	
213.439	63.76	
213.658	23.57	
213.877	11.71	
214.097	33.52	
214.316	24.72	
214.535	50.36	
214.754	16.3	
214.973	49.98	
215.193	36.97	
215.412	15.53	
215.631	6.35	
215.85	0.22	
216.069	11.32	
216.288	51.89	
216.507	-2.07	
216.727	6.35	
216.946	3.29	
217.165	16.3	
217.384	26.63	
217.603	-37.67	
217.822	43.47	
218.041	-15.85	
218.26	28.93	
218.479	9.41	
218.698	36.58	
218.917	33.14	
219.136	33.14	
219.355	24.72	
219.574	65.29	
219.792	21.27	
220.011	16.3	
220.23	24.34	
220.449	24.34	
220.668	52.66	
220.887	27.02	
221.106	10.17	
221.324	-3.22	
221.543	7.11	
221.762	61.46	
221.981	16.68	
222.2	45.39	
222.418	1.75	
222.637	45.39	
222.856	14	
223.075	54.96	
223.293	19.36	
223.512	13.24	
223.731	7.11	
223.949	22.81	
224.168	37.73	
224.387	51.13	
224.605	26.25	
224.824	5.96	
225.042	32.37	
225.261	38.11	
225.48	23.95	
225.698	20.13	
225.917	4.82	
226.135	28.93	
226.354	15.15	
226.572	15.15	
226.791	-14.7	
227.009	17.45	
227.228	-18.53	
227.446	29.31	
227.665	30.46	
227.883	33.14	
228.101	17.45	
228.32	8.26	
228.538	11.71	
228.757	26.25	
228.975	-8.58	
229.193	14	
229.412	22.42	
229.63	20.13	
229.848	20.89	
230.067	39.26	
230.285	41.56	
230.503	40.41	
230.721	32.37	
230.94	47.68	
231.158	9.41	
231.376	23.19	
231.594	11.32	
231.813	-1.69	
232.031	-6.28	
232.249	24.72	
232.467	45.77	
232.685	52.28	
232.903	-1.31	
233.121	9.03	
233.34	15.92	
233.558	33.9	
233.776	6.73	
233.994	34.29	
234.212	2.14	
234.43	20.89	
234.648	31.99	
234.866	5.2	
235.084	41.94	
235.302	11.71	
235.52	25.1	
235.738	61.84	
235.956	20.13	
236.174	9.79	
236.392	24.72	
236.61	17.06	
236.827	33.14	
237.045	66.05	
237.263	29.69	
237.481	3.29	
237.699	2.14	
237.917	3.67	
238.135	1.75	
238.352	31.23	
238.57	12.09	
238.788	42.71	
239.006	39.26	
239.223	36.2	
239.441	53.42	
239.659	37.35	
239.877	6.35	
240.094	32.37	
240.312	2.9	
240.53	8.26	
240.747	-6.28	
240.965	37.35	
241.183	40.79	
241.4	77.92	
241.618	27.02	
241.835	43.47	
242.053	45.39	
242.271	41.18	
242.488	-8.96	
242.706	26.63	
242.923	11.32	
243.141	23.57	
243.358	7.5	
243.576	19.36	
243.793	43.86	
244.011	27.02	
244.228	35.05	
244.446	50.75	
244.663	27.4	
244.88	15.53	
245.098	30.46	
245.315	27.78	
245.533	44.62	
245.75	18.98	
245.967	24.72	
246.185	57.25	
246.402	41.56	
246.619	13.24	
246.837	-11.26	
247.054	23.19	
247.271	10.94	
247.488	29.31	
247.706	7.5	
247.923	59.93	
248.14	51.13	
248.357	10.94	
248.574	30.84	
248.792	26.25	
249.009	46.92	
249.226	9.79	
249.443	14.77	
249.66	69.88	
249.877	25.48	
250.094	24.72	
250.311	31.99	
250.529	17.45	
250.746	10.56	
250.963	11.71	
251.18	17.83	
251.397	-5.52	
251.614	35.44	
251.831	8.26	
252.048	41.94	
252.265	58.02	
252.482	17.83	
252.698	58.78	
252.915	18.59	
253.132	40.79	
253.349	23.57	
253.566	54.57	
253.783	23.57	
254	49.21	
254.217	28.93	
254.434	34.29	
254.65	35.44	
254.867	29.69	
255.084	60.7	
255.301	23.19	
255.517	32.37	
255.734	40.03	
255.951	36.2	
256.168	41.18	
256.384	14.38	
256.601	46.15	
256.818	34.29	
257.034	50.75	
257.251	-25.04	
257.468	26.63	
257.684	74.48	
257.901	45.77	
258.118	23.57	
258.334	71.03	
258.551	44.62	
258.767	65.29	
258.984	60.7	
259.2	62.61	
259.417	12.09	
259.634	85.57	
259.85	4.82	
260.066	64.91	
260.283	62.23	
260.499	71.8	
260.716	76.39	
260.932	76.01	
261.149	90.55	
261.365	105.48	
261.582	93.23	
261.798	72.18	
262.014	92.46	
262.231	101.65	
262.447	126.91	
262.663	157.15	
262.88	165.19	
263.096	247.47	
263.312	309.48	
263.528	445.73	
263.745	607.25	
263.961	872.88	
264.177	1225	
264.393	1616.16	
264.61	2261.46	
264.826	2909.45	
265.042	3737.32	
265.258	4671.21	
265.474	5718.01	
265.691	6692.47	
265.907	7864.04	
266.123	8770.76	
266.339	9648.38	
266.555	10340.76	
266.771	10498.45	
266.987	10609.45	
267.203	10266.13	
267.419	9692.02	
267.635	9045.57	
267.851	8224.58	
268.067	7356.14	
268.283	6366.75	
268.499	5467.69	
268.715	4488.64	
268.931	3561.64	
269.147	2939.3	
269.363	2306.24	
269.579	1711.08	
269.795	1314.94	
270.011	997.27	
270.226	750.78	
270.442	615.67	
270.658	438.46	
270.874	342.01	
271.09	255.13	
271.306	186.24	
271.521	128.44	
271.737	171.69	
271.953	129.59	
272.169	108.16	
272.384	110.07	
272.6	87.11	
272.816	83.66	
273.031	111.22	
273.247	62.99	
273.463	93.23	
273.678	54.57	
273.894	46.54	
274.11	37.35	
274.325	52.28	
274.541	81.75	
274.756	65.67	
274.972	45.39	
275.188	62.23	
275.403	61.08	
275.619	31.23	
275.834	47.3	
276.05	35.44	
276.265	28.93	
276.481	59.55	
276.696	46.54	
276.912	23.19	
277.127	29.31	
277.342	23.19	
277.558	33.52	
277.773	43.86	
277.989	30.08	
278.204	36.2	
278.419	41.18	
278.635	34.67	
278.85	72.56	
279.065	48.83	
279.281	12.85	
279.496	-32.31	
279.711	18.98	
279.926	22.42	
280.142	12.09	
280.357	49.21	
280.572	29.31	
280.787	20.89	
281.003	-0.92	
281.218	48.07	
281.433	28.55	
281.648	43.86	
281.863	50.75	
282.078	38.5	
282.293	30.08	
282.509	38.11	
282.724	24.34	
282.939	33.14	
283.154	15.53	
283.369	36.58	
283.584	26.25	
283.799	51.89	
284.014	38.5	
284.229	61.08	
284.444	35.05	
284.659	-1.31	
284.874	-25.42	
285.089	22.42	
285.304	-2.46	
285.519	18.59	
285.733	33.14	
285.948	40.03	
286.163	38.88	
286.378	15.53	
286.593	10.17	
286.808	45	
287.023	24.34	
287.237	10.17	
287.452	-8.2	
287.667	38.88	
287.882	36.2	
288.096	27.4	
288.311	25.87	
288.526	2.52	
288.741	27.02	
288.955	41.56	
289.17	14.38	
289.385	29.69	
289.599	22.81	
289.814	24.72	
290.029	43.09	
290.243	66.82	
290.458	17.45	
290.672	40.03	
290.887	5.58	
291.102	28.16	
291.316	10.56	
291.531	34.29	
291.745	38.5	
291.96	13.62	
292.174	28.55	
292.389	17.45	
292.603	28.16	
292.818	27.78	
293.032	51.13	
293.246	23.57	
293.461	48.45	
293.675	29.31	
293.89	23.19	
294.104	57.63	
294.318	10.17	
294.533	21.66	
294.747	46.15	
294.961	0.99	
295.176	12.47	
295.39	48.07	
295.604	18.98	
295.819	4.43	
296.033	-0.54	
296.247	33.14	
296.461	13.24	
296.676	2.9	
296.89	10.94	
297.104	47.68	
297.318	-3.99	
297.532	48.83	
297.746	-0.16	
297.96	12.09	
298.175	19.74	
298.389	36.97	
298.603	35.44	
298.817	-6.28	
299.031	18.21	
299.245	2.9	
299.459	38.11	
299.673	52.66	
299.887	32.76	
300.101	14	
300.315	-24.27	
300.529	23.95	
300.743	-12.02	
300.957	34.67	
301.171	27.02	
301.385	26.25	
301.599	35.82	
301.813	8.26	
302.026	6.73	
302.24	11.71	
302.454	27.02	
302.668	9.03	
302.882	18.98	
303.096	10.17	
303.309	30.84	
303.523	5.96	
303.737	29.31	
303.951	47.68	
304.164	20.51	
304.378	2.14	
304.592	9.03	
304.806	37.73	
305.019	46.15	
305.233	46.15	
305.447	26.63	
305.66	47.3	
305.874	31.23	
306.087	9.03	
306.301	33.14	
306.515	56.1	
306.728	14	
306.942	-15.09	
307.155	22.42	
307.369	50.36	
307.582	23.95	
307.796	20.51	
308.009	30.84	
308.223	51.13	
308.436	28.16	
308.65	14.38	
308.863	-20.83	
309.077	15.53	
309.29	49.21	
309.503	17.06	
309.717	2.52	
309.93	12.47	
310.144	16.3	
310.357	44.62	
310.57	16.3	
310.784	10.56	
310.997	-9.73	
311.21	13.24	
311.423	30.84	
311.637	54.19	
311.85	28.16	
312.063	35.44	
312.276	-8.58	
312.49	30.08	
312.703	-6.67	
312.916	47.68	
313.129	-7.05	
313.342	49.21	
313.555	31.99	
313.768	37.73	
313.982	-8.2	
314.195	-8.2	
314.408	12.09	
314.621	48.07	
314.834	22.81	
315.047	28.93	
315.26	22.81	
315.473	34.67	
315.686	44.24	
315.899	44.24	
316.112	15.53	
316.325	24.72	
316.538	62.23	
316.751	45	
316.964	12.09	
317.177	-3.6	
317.39	28.16	
317.602	28.55	
317.815	35.44	
318.028	-8.58	
318.241	31.61	
318.454	-5.9	
318.667	47.3	
318.879	14.77	
319.092	17.06	
319.305	15.53	
319.518	7.11	
319.73	31.23	
319.943	50.36	
320.156	31.61	
320.369	54.19	
320.581	37.35	
320.794	35.05	
321.007	24.72	
321.219	7.88	
321.432	35.44	
321.644	32.37	
321.857	18.98	
322.07	27.4	
322.282	14.77	
322.495	13.62	
322.707	45	
322.92	-4.75	
323.132	12.09	
323.345	21.27	
323.557	28.93	
323.77	22.81	
323.982	31.61	
324.195	9.79	
324.407	33.9	
324.62	48.45	
324.832	9.79	
325.045	-13.94	
325.257	36.58	
325.469	27.02	
325.682	22.42	
325.894	14	
326.106	65.29	
326.319	25.87	
326.531	17.06	
326.743	17.83	
326.955	-9.35	
327.168	5.96	
327.38	53.42	
327.592	17.83	
327.804	18.21	
328.017	41.18	
328.229	47.3	
328.441	15.92	
328.653	24.72	
328.865	38.11	
329.077	-4.37	
329.29	-0.92	
329.502	34.29	
329.714	8.64	
329.926	10.17	
330.138	50.75	
330.35	9.41	
330.562	14.77	
330.774	38.88	
330.986	9.41	
331.198	25.1	
331.41	18.21	
331.622	39.65	
331.834	12.47	
332.046	-24.27	
332.258	-2.84	
332.47	53.42	
332.682	-7.05	
332.894	20.89	
333.105	21.27	
333.317	-2.07	
333.529	-0.16	
333.741	12.47	
333.953	-19.68	
334.165	13.62	
334.376	22.04	
334.588	-11.26	
334.8	-21.98	
335.012	12.09	
335.223	-7.05	
335.435	23.19	
335.647	17.45	
335.859	59.17	
336.07	15.92	
336.282	18.59	
336.494	43.86	
336.705	30.08	
336.917	7.88	
337.128	9.41	
337.34	34.67	
337.552	5.2	
337.763	16.68	
337.975	53.81	
338.186	38.5	
338.398	7.11	
338.609	30.46	
338.821	26.63	
339.032	36.2	
339.244	58.02	
339.455	0.22	
339.667	46.54	
339.878	-0.54	
340.09	26.63	
340.301	15.15	
340.512	47.68	
340.724	6.35	
340.935	13.24	
341.146	18.98	
341.358	28.55	
341.569	54.96	
341.78	36.58	
341.992	-31.54	
342.203	36.97	
342.414	14.77	
342.625	25.87	
342.837	38.5	
343.048	58.4	
343.259	59.93	
343.47	21.66	
343.682	19.74	
343.893	24.34	
344.104	6.35	
344.315	20.13	
344.526	30.84	
344.737	55.34	
344.948	47.3	
345.159	33.52	
345.37	0.99	
345.582	32.37	
345.793	17.83	
346.004	19.74	
346.215	40.03	
346.426	18.21	
346.637	4.05	
346.848	22.42	
347.059	-33.46	
347.27	44.24	
347.48	6.73	
347.691	28.93	
347.902	10.17	
348.113	15.92	
348.324	-0.54	
348.535	25.48	
348.746	26.63	
348.957	25.48	
349.167	24.72	
349.378	0.61	
349.589	26.25	
349.8	40.03	
350.011	-3.99	
350.221	20.13	
350.432	16.3	
350.643	36.97	
350.853	41.94	
351.064	45.39	
351.275	14	
351.486	-3.22	
351.696	23.95	
351.907	15.53	
352.117	27.78	
352.328	20.89	
352.539	56.1	
352.749	28.93	
352.96	-15.85	
353.17	-1.69	
353.381	15.92	
353.591	21.27	
353.802	9.03	
354.012	41.94	
354.223	-17.77	
354.433	30.46	
354.644	19.74	
354.854	-5.52	
355.065	61.08	
355.275	10.17	
355.486	42.32	
355.696	77.92	
355.906	18.21	
356.117	40.41	
356.327	35.82	
356.537	8.26	
356.748	18.59	
356.958	54.19	
357.168	12.85	
357.379	58.4	
357.589	43.47	
357.799	60.7	
358.009	22.81	
358.219	39.26	
358.43	20.51	
358.64	18.98	
358.85	31.99	
359.06	-11.64	
359.27	22.04	
359.481	58.78	
359.691	41.18	
359.901	62.23	
360.111	30.08	
360.321	51.13	
360.531	43.09	
360.741	40.03	
360.951	17.45	
361.161	-0.92	
361.371	27.78	
361.581	25.1	
361.791	5.96	
362.001	29.69	
362.211	17.45	
362.421	55.34	
362.631	2.52	
362.841	14.77	
363.051	1.75	
363.261	25.87	
363.47	23.95	
363.68	18.21	
363.89	26.63	
364.1	45.77	
364.31	31.23	
364.52	43.86	
364.729	20.89	
364.939	31.99	
365.149	59.55	
365.359	35.82	
365.568	47.3	
365.778	10.94	
365.988	20.51	
366.197	33.52	
366.407	9.79	
366.617	21.66	
366.826	9.03	
367.036	20.13	
367.246	49.21	
367.455	51.51	
367.665	35.05	
367.874	49.21	
368.084	3.67	
368.294	43.86	
368.503	13.62	
368.713	4.05	
368.922	49.6	
369.132	14.77	
369.341	55.34	
369.551	41.18	
369.76	27.78	
369.969	43.09	
370.179	14.38	
370.388	90.55	
370.598	31.99	
370.807	18.21	
371.016	40.79	
371.226	44.62	
371.435	15.15	
371.644	51.51	
371.854	12.85	
372.063	44.62	
372.272	38.5	
372.482	72.56	
372.691	44.62	
372.9	30.84	
373.109	14.77	
373.318	36.2	
373.528	42.32	
373.737	28.55	
373.946	53.42	
374.155	23.57	
374.364	74.86	
374.573	23.57	
374.782	20.51	
374.992	58.02	
375.201	27.02	
375.41	45.77	
375.619	25.1	
375.828	84.43	
376.037	27.4	
376.246	28.16	
376.455	61.46	
376.664	14	
376.873	25.1	
377.082	66.44	
377.291	42.71	
377.5	48.83	
377.709	67.59	
377.917	37.35	
378.126	35.05	
378.335	41.18	
378.544	31.61	
378.753	76.77	
378.962	85.19	
379.17	71.03	
379.379	78.69	
379.588	54.19	
379.797	87.49	
380.006	15.15	
380.214	67.97	
380.423	41.18	
380.632	38.88	
380.84	71.03	
381.049	45.77	
381.258	26.25	
381.466	40.41	
381.675	74.48	
381.884	32.37	
382.092	50.36	
382.301	67.59	
382.51	94	
382.718	51.13	
382.927	50.75	
383.135	69.12	
383.344	55.34	
383.552	57.63	
383.761	62.99	
383.969	52.28	
384.178	67.59	
384.386	53.04	
384.595	82.51	
384.803	57.25	
385.011	91.32	
385.22	41.18	
385.428	53.42	
385.637	58.02	
385.845	85.19	
386.053	61.84	
386.262	73.71	
386.47	83.28	
386.678	67.2	
386.887	76.39	
387.095	69.88	
387.303	65.67	
387.511	94.76	
387.72	60.7	
387.928	85.96	
388.136	78.69	
388.344	48.07	
388.552	97.82	
388.76	77.92	
388.969	99.35	
389.177	72.18	
389.385	104.33	
389.593	95.53	
389.801	127.68	
390.009	116.96	
390.217	126.53	
390.425	108.92	
390.633	124.61	
390.841	178.58	
391.049	151.79	
391.257	204.99	
391.465	186.24	
391.673	245.18	
391.881	302.21	
392.089	346.6	
392.297	377.22	
392.505	434.25	
392.713	508.12	
392.921	638.64	
393.129	744.27	
393.336	932.97	
393.544	1118.98	
393.752	1329.1	
393.96	1618.46	
394.168	1950.29	
394.375	2413.79	
394.583	2932.79	
394.791	3657.71	
394.999	4336.69	
395.206	5142.36	
395.414	6105.34	
395.622	7172.43	
395.829	8229.56	
396.037	9869.23	
396.245	11007.5	
396.452	12575.98	
396.66	14238.99	
396.868	15946.02	
397.075	17764.05	
397.283	20107.57	
397.49	21700.16	
397.698	22747.73	
397.905	26020.17	
398.113	27570.66	
398.32	29708.28	
398.528	30315.69	
398.735	32449.47	
398.943	33642.86	
399.15	36284.55	
399.358	37575.54	
399.565	38796.87	
399.772	38615.83	
399.98	40480.55	
400.187	40382.57	
400.395	42031.04	
400.602	41159.15	
400.809	42866.18	
401.017	43281.07	
401.224	42463.15	
401.431	40831.91	
401.638	41566.01	
401.846	39860.51	
402.053	38843.56	
402.26	37067.26	
402.467	35086.57	
402.675	34535.42	
402.882	33707.93	
403.089	29628.28	
403.296	29025.85	
403.503	26549.89	
403.71	25723.55	
403.917	22855.28	
404.125	20448.98	
404.332	18832.66	
404.539	17426.08	
404.746	15547.2	
404.953	13852.42	
405.16	11864.46	
405.367	11019.37	
405.574	9749.04	
405.781	8422.08	
405.988	7229.45	
406.195	6517.55	
406.402	5492.19	
406.609	4742.4	
406.816	4031.64	
407.022	3387.49	
407.229	2812.23	
407.436	2349.49	
407.643	1962.16	
407.85	1688.12	
408.057	1366.23	
408.264	1100.61	
408.47	932.2	
408.677	786.76	
408.884	648.97	
409.091	545.25	
409.297	473.29	
409.504	368.8	
409.711	297.23	
409.918	266.99	
410.124	216.09	
410.331	190.45	
410.538	211.11	
410.744	160.97	
410.951	153.32	
411.157	146.81	
411.364	128.06	
411.571	132.65	
411.777	109.69	
411.984	102.8	
412.19	70.27	
412.397	79.07	
412.603	144.13	
412.81	119.64	
413.016	118.87	
413.223	73.33	
413.429	97.06	
413.636	79.83	
413.842	64.52	
414.048	75.62	
414.255	107.01	
414.461	88.25	
414.668	70.65	
414.874	94.38	
415.08	94.76	
415.287	69.5	
415.493	87.49	
415.699	80.98	
415.905	80.98	
416.112	68.73	
416.318	72.18	
416.524	86.34	
416.73	58.4	
416.937	104.71	
417.143	73.33	
417.349	58.4	
417.555	46.54	
417.761	61.46	
417.967	60.7	
418.174	22.04	
418.38	50.75	
418.586	51.89	
418.792	65.29	
418.998	73.33	
419.204	63.76	
419.41	76.77	
419.616	40.03	
419.822	69.12	
420.028	51.89	
420.234	42.71	
420.44	51.13	
420.646	37.73	
420.852	36.2	
421.058	78.69	
421.264	58.4	
421.469	55.34	
421.675	65.67	
421.881	58.02	
422.087	41.94	
422.293	65.29	
422.499	31.23	
422.705	46.54	
422.91	58.02	
423.116	49.21	
423.322	25.48	
423.528	64.52	
423.733	65.29	
423.939	50.36	
424.145	57.63	
424.35	74.86	
424.556	37.73	
424.762	39.26	
424.967	46.92	
425.173	56.1	
425.379	76.01	
425.584	62.61	
425.79	39.65	
425.995	11.32	
426.201	38.88	
426.406	45.39	
426.612	35.44	
426.817	53.81	
427.023	-9.35	
427.228	67.97	
427.434	47.68	
427.639	40.79	
427.845	48.45	
428.05	55.34	
428.256	56.49	
428.461	56.87	
428.666	2.9	
428.872	33.14	
429.077	72.18	
429.282	64.14	
429.488	49.21	
429.693	31.99	
429.898	9.79	
430.104	59.17	
430.309	22.42	
430.514	65.29	
430.719	66.44	
430.925	21.66	
431.13	69.12	
431.335	13.24	
431.54	47.68	
431.745	34.67	
431.95	42.71	
432.156	37.73	
432.361	46.92	
432.566	65.67	
432.771	33.9	
432.976	80.98	
433.181	8.64	
433.386	55.34	
433.591	39.65	
433.796	49.6	
434.001	35.05	
434.206	66.05	
434.411	94.76	
434.616	160.59	
434.821	211.5	
435.026	198.48	
435.231	196.95	
435.436	182.79	
435.641	136.1	
435.845	125	
436.05	125.38	
436.255	129.97	
436.46	73.71	
436.665	107.77	
436.87	67.2	
437.074	93.23	
437.279	60.31	
437.484	83.66	
437.689	48.45	
437.893	77.92	
438.098	54.96	
438.303	73.71	
438.507	78.3	
438.712	59.93	
438.917	64.14	
439.121	43.47	
439.326	42.71	
439.531	41.56	
439.735	22.42	
439.94	26.25	
440.144	-2.07	
440.349	39.65	
440.553	38.11	
440.758	18.98	
440.962	26.63	
441.167	28.16	
441.371	47.3	
441.576	40.79	
441.78	39.65	
441.985	12.47	
442.189	59.93	
442.394	40.41	
442.598	18.59	
442.802	37.35	
443.007	36.97	
443.211	51.51	
443.415	59.17	
443.62	16.3	
443.824	33.9	
444.028	65.29	
444.232	29.31	
444.437	26.25	
444.641	49.6	
444.845	54.57	
445.049	22.42	
445.254	51.51	
445.458	41.94	
445.662	39.65	
445.866	80.22	
446.07	19.36	
446.274	48.07	
446.478	46.92	
446.683	31.99	
446.887	58.78	
447.091	62.61	
447.295	72.18	
447.499	36.97	
447.703	66.44	
447.907	20.13	
448.111	-2.46	
448.315	28.16	
448.519	48.83	
448.723	14.38	
448.927	38.11	
449.13	7.88	
449.334	63.38	
449.538	25.1	
449.742	42.32	
449.946	43.09	
450.15	55.34	
450.354	47.68	
450.557	59.93	
450.761	29.69	
450.965	64.52	
451.169	31.61	
451.373	36.58	
451.576	32.37	
451.78	41.56	
451.984	30.84	
452.187	17.45	
452.391	30.46	
452.595	31.61	
452.798	22.81	
453.002	35.44	
453.206	40.41	
453.409	30.46	
453.613	6.35	
453.816	70.27	
454.02	56.49	
454.224	26.63	
454.427	13.24	
454.631	45.39	
454.834	16.68	
455.038	6.73	
455.241	5.58	
455.445	26.63	
455.648	6.73	
455.851	62.61	
456.055	10.56	
456.258	40.41	
456.462	32.37	
456.665	27.78	
456.868	13.24	
457.072	67.2	
457.275	39.65	
457.478	25.48	
457.682	20.13	
457.885	40.41	
458.088	54.96	
458.291	35.05	
458.495	-2.46	
458.698	50.75	
458.901	5.58	
459.104	52.28	
459.307	-0.92	
459.511	41.56	
459.714	49.6	
459.917	21.27	
460.12	55.72	
460.323	4.82	
460.526	43.47	
460.729	9.79	
460.932	34.67	
461.135	41.56	
461.338	33.9	
461.541	66.82	
461.744	10.94	
461.947	54.19	
462.15	27.02	
462.353	19.74	
462.556	25.48	
462.759	35.44	
462.962	8.26	
463.165	30.08	
463.368	10.94	
463.571	7.88	
463.774	9.41	
463.976	25.1	
464.179	23.95	
464.382	42.71	
464.585	31.61	
464.788	40.03	
464.99	59.55	
465.193	30.46	
465.396	26.63	
465.599	14.77	
465.801	36.97	
466.004	3.67	
466.207	20.51	
466.409	59.93	
466.612	41.18	
466.815	27.02	
467.017	28.55	
467.22	31.23	
467.422	35.82	
467.625	38.11	
467.827	3.67	
468.03	35.44	
468.233	25.87	
468.435	43.86	
468.638	39.65	
468.84	40.79	
469.042	30.84	
469.245	22.81	
469.447	28.93	
469.65	39.26	
469.852	42.32	
470.055	43.86	
470.257	21.66	
470.459	19.74	
470.662	-11.26	
470.864	48.07	
471.066	19.74	
471.269	53.04	
471.471	33.52	
471.673	11.32	
471.875	34.67	
472.078	27.02	
472.28	23.57	
472.482	10.17	
472.684	24.34	
472.886	26.25	
473.089	18.59	
473.291	33.14	
473.493	23.57	
473.695	40.41	
473.897	46.15	
474.099	36.58	
474.301	24.72	
474.503	62.99	
474.705	17.45	
474.907	36.97	
475.109	28.93	
475.311	13.24	
475.513	18.98	
475.715	38.11	
475.917	45.77	
476.119	28.16	
476.321	25.1	
476.523	67.59	
476.725	38.11	
476.927	26.63	
477.129	-9.73	
477.331	45.39	
477.533	13.62	
477.734	46.92	
477.936	26.25	
478.138	43.09	
478.34	28.16	
478.541	36.58	
478.743	-5.9	
478.945	49.6	
479.147	11.32	
479.348	22.04	
479.55	39.26	
479.752	12.47	
479.953	21.66	
480.155	58.78	
480.357	33.14	
480.558	26.63	
480.76	55.72	
480.961	19.36	
481.163	36.58	
481.365	53.42	
481.566	28.16	
481.768	36.97	
481.969	35.82	
482.171	25.87	
482.372	28.93	
482.574	42.32	
482.775	32.37	
482.976	49.98	
483.178	61.08	
483.379	39.65	
483.581	32.76	
483.782	59.93	
483.983	78.3	
484.185	64.52	
484.386	33.9	
484.587	105.09	
484.789	74.86	
484.99	63.76	
485.191	67.97	
485.392	62.61	
485.594	87.87	
485.795	112.37	
485.996	68.35	
486.197	95.91	
486.399	71.8	
486.6	84.04	
486.801	103.56	
487.002	97.44	
487.203	81.36	
487.404	90.55	
487.605	62.99	
487.806	134.18	
488.007	101.27	
488.208	84.43	
488.409	89.78	
488.611	99.74	
488.812	60.31	
489.012	127.68	
489.213	86.72	
489.414	104.71	
489.615	108.92	
489.816	94.76	
490.017	79.83	
490.218	65.67	
490.419	70.65	
490.62	102.03	
490.821	87.11	
491.021	56.87	
491.222	89.4	
491.423	72.94	
491.624	33.14	
491.825	71.03	
492.025	45	
492.226	79.45	
492.427	56.49	
492.628	72.56	
492.828	99.35	
493.029	76.39	
493.23	95.14	
493.43	60.7	
493.631	45	
493.832	43.47	
494.032	53.04	
494.233	82.13	
494.433	57.63	
494.634	36.97	
494.834	17.06	
495.035	67.97	
495.235	54.96	
495.436	66.44	
495.636	50.75	
495.837	56.1	
496.037	31.99	
496.238	53.42	
496.438	4.05	
496.639	35.44	
496.839	31.23	
497.039	50.36	
497.24	82.51	
497.44	61.08	
497.64	43.09	
497.841	68.35	
498.041	41.18	
498.241	46.15	
498.442	57.25	
498.642	22.42	
498.842	12.47	
499.042	11.32	
499.243	52.66	
499.443	31.61	
499.643	17.83	
499.843	48.45	
500.043	47.68	
500.243	51.51	
500.444	34.29	
500.644	59.17	
500.844	-4.75	
501.044	24.72	
501.244	30.46	
501.444	2.52	
501.644	0.22	
501.844	64.91	
502.044	24.72	
502.244	25.48	
502.444	16.68	
502.644	20.51	
502.844	21.66	
503.044	20.89	
503.244	15.92	
503.444	23.57	
503.643	33.9	
503.843	39.65	
504.043	7.11	
504.243	10.17	
504.443	0.61	
504.643	9.03	
504.842	45.39	
505.042	16.68	
505.242	30.84	
505.442	42.32	
505.641	-7.43	
505.841	18.59	
506.041	-14.7	
506.241	31.99	
506.44	-6.28	
506.64	44.24	
506.839	17.45	
507.039	-3.6	
507.239	9.03	
507.438	32.37	
507.638	18.21	
507.837	16.3	
508.037	11.32	
508.237	7.5	
508.436	15.53	
508.636	41.18	
508.835	20.51	
509.034	14.77	
509.234	8.26	
509.433	15.92	
509.633	-38.82	
509.832	4.43	
510.032	0.99	
510.231	-11.64	
510.43	32.37	
510.63	16.3	
510.829	-7.43	
511.028	10.56	
511.228	-8.58	
511.427	21.66	
511.626	28.93	
511.825	43.86	
512.025	4.05	
512.224	8.64	
512.423	21.66	
512.622	7.5	
512.822	17.45	
513.021	2.14	
513.22	18.98	
513.419	28.16	
513.618	31.23	
513.817	39.65	
514.016	25.87	
514.215	3.67	
514.414	10.94	
514.613	18.59	
514.813	25.48	
515.012	31.99	
515.211	7.11	
515.409	10.17	
515.608	27.78	
515.807	2.9	
516.006	9.79	
516.205	36.97	
516.404	35.82	
516.603	-31.16	
516.802	20.51	
517.001	7.88	
517.2	27.02	
517.398	27.02	
517.597	-6.28	
517.796	18.21	
517.995	9.79	
518.194	22.81	
518.392	22.81	
518.591	31.99	
518.79	10.17	
518.989	44.62	
519.187	13.24	
519.386	15.53	
519.585	-23.12	
519.783	34.29	
519.982	0.22	
520.18	-3.6	
520.379	11.71	
520.578	15.92	
520.776	7.5	
520.975	49.21	
521.173	14.77	
521.372	20.13	
521.57	-23.89	
521.769	19.36	
521.967	14.77	
522.166	-5.9	
522.364	-1.31	
522.563	25.1	
522.761	17.45	
522.96	15.15	
523.158	-10.49	
523.356	17.83	
523.555	29.31	
523.753	18.98	
523.951	32.37	
524.15	47.68	
524.348	0.61	
524.546	4.05	
524.744	-27.33	
524.943	6.35	
525.141	11.71	
525.339	-0.16	
525.537	36.97	
525.736	22.42	
525.934	5.58	
526.132	48.83	
526.33	-22.36	
526.528	12.47	
526.726	25.87	
526.924	45.39	
527.122	-16.62	
527.32	31.61	
527.518	31.61	
527.717	14.77	
527.915	35.44	
528.113	10.17	
528.311	-23.89	
528.509	32.76	
528.706	49.6	
528.904	5.96	
529.102	25.87	
529.3	22.42	
529.498	-6.28	
529.696	36.2	
529.894	36.58	
530.092	33.52	
530.29	30.84	
530.487	14.77	
530.685	1.75	
530.883	16.68	
531.081	33.52	
531.278	28.55	
531.476	25.1	
531.674	37.73	
531.872	-2.46	
532.069	11.32	
532.267	13.62	
532.465	22.04	
532.662	43.09	
532.86	7.11	
533.058	10.94	
533.255	7.5	
533.453	13.62	
533.65	21.66	
533.848	14.38	
534.045	-11.26	
534.243	46.92	
534.441	37.35	
534.638	12.09	
534.835	23.19	
535.033	20.89	
535.23	36.97	
535.428	37.73	
535.625	25.1	
535.823	12.09	
536.02	-1.31	
536.217	36.97	
536.415	35.82	
536.612	15.53	
536.809	52.66	
537.007	61.46	
537.204	56.87	
537.401	35.44	
537.599	40.79	
537.796	69.12	
537.993	50.36	
538.19	64.91	
538.387	38.5	
538.585	38.88	
538.782	70.27	
538.979	64.52	
539.176	121.55	
539.373	82.9	
539.57	82.9	
539.767	74.86	
539.965	121.94	
540.162	170.16	
540.359	146.05	
540.556	173.99	
540.753	227.95	
540.95	223.36	
541.147	284.22	
541.344	272.74	
541.541	330.53	
541.738	328.62	
541.934	314.45	
542.131	308.33	
542.328	337.8	
542.525	337.8	
542.722	298.38	
542.919	315.99	
543.116	351.2	
543.312	306.03	
543.509	316.75	
543.706	309.48	
543.903	326.7	
544.1	299.14	
544.296	308.33	
544.493	324.41	
544.69	303.74	
544.886	316.75	
545.083	369.19	
545.28	338.95	
545.476	401.72	
545.673	405.93	
545.87	345.07	
546.066	298.38	
546.263	338.57	
546.459	272.35	
546.656	306.8	
546.852	258.19	
547.049	275.41	
547.245	220.68	
547.442	232.16	
547.638	252.45	
547.835	184.32	
548.031	192.36	
548.228	204.22	
548.424	182.79	
548.621	188.53	
548.817	169.78	
549.013	171.31	
549.21	147.58	
549.406	156.38	
549.602	162.89	
549.799	146.05	
549.995	116.19	
550.191	122.32	
550.387	93.23	
550.584	103.18	
550.78	50.36	
550.976	87.87	
551.172	84.81	
551.368	77.92	
551.565	89.78	
551.761	80.98	
551.957	50.36	
552.153	99.74	
552.349	50.36	
552.545	59.55	
552.741	81.75	
552.937	73.33	
553.133	41.18	
553.329	54.96	
553.525	52.28	
553.721	39.26	
553.917	36.58	
554.113	31.23	
554.309	22.42	
554.505	22.81	
554.701	43.47	
554.897	36.58	
555.093	27.4	
555.289	50.36	
555.485	15.92	
555.68	15.92	
555.876	5.58	
556.072	48.83	
556.268	18.21	
556.464	-30.78	
556.659	11.32	
556.855	48.07	
557.051	26.25	
557.247	-33.84	
557.442	38.88	
557.638	14.38	
557.834	30.08	
558.029	33.14	
558.225	6.73	
558.42	0.22	
558.616	-13.17	
558.812	47.3	
559.007	28.16	
559.203	23.19	
559.398	2.9	
559.594	28.93	
559.789	-2.46	
559.985	18.21	
560.18	20.13	
560.376	40.41	
560.571	15.15	
560.767	14	
560.962	7.5	
561.157	12.85	
561.353	27.78	
561.548	35.05	
561.744	7.5	
561.939	25.48	
562.134	8.64	
562.33	-1.31	
562.525	-10.11	
562.72	44.24	
562.915	35.44	
563.111	-3.99	
563.306	14.77	
563.501	9.41	
563.696	7.5	
563.891	27.4	
564.087	25.48	
564.282	38.11	
564.477	44.62	
564.672	42.71	
564.867	-30.78	
565.062	-13.17	
565.257	29.69	
565.452	5.2	
565.647	-9.35	
565.842	25.1	
566.037	16.68	
566.232	18.98	
566.427	31.61	
566.622	15.53	
566.817	14	
567.012	17.83	
567.207	-3.22	
567.402	-16.23	
567.597	20.13	
567.792	17.45	
567.987	45	
568.181	61.46	
568.376	9.03	
568.571	19.74	
568.766	11.71	
568.961	-14.32	
569.155	30.46	
569.35	30.84	
569.545	-0.16	
569.739	22.04	
569.934	-3.22	
570.129	-13.94	
570.323	5.2	
570.518	41.18	
570.713	36.97	
570.907	-2.07	
571.102	1.75	
571.297	28.93	
571.491	23.19	
571.686	42.32	
571.88	5.2	
572.075	35.82	
572.269	-2.46	
572.464	24.34	
572.658	5.96	
572.853	52.66	
573.047	2.14	
573.242	35.44	
573.436	12.85	
573.63	35.05	
573.825	42.32	
574.019	23.57	
574.213	21.66	
574.408	38.88	
574.602	15.92	
574.796	3.67	
574.991	16.3	
575.185	78.3	
575.379	17.83	
575.573	25.48	
575.768	12.09	
575.962	38.11	
576.156	11.32	
576.35	38.5	
576.544	43.09	
576.738	28.16	
576.933	56.49	
577.127	42.71	
577.321	9.03	
577.515	41.56	
577.709	38.88	
577.903	15.15	
578.097	29.69	
578.291	56.49	
578.485	26.25	
578.679	52.28	
578.873	51.89	
579.067	5.58	
579.261	72.18	
579.455	20.89	
579.649	34.67	
579.843	41.94	
580.036	68.35	
580.23	44.62	
580.424	74.48	
580.618	68.35	
580.812	43.09	
581.006	28.93	
581.199	30.08	
581.393	49.98	
581.587	85.57	
581.781	48.45	
581.974	6.73	
582.168	84.04	
582.362	36.97	
582.555	90.17	
582.749	3.29	
582.943	79.83	
583.136	74.09	
583.33	67.97	
583.523	53.42	
583.717	62.23	
583.911	54.96	
584.104	45.39	
584.298	35.05	
584.491	116.96	
584.685	59.17	
584.878	38.88	
585.072	71.8	
585.265	48.45	
585.458	13.62	
585.652	99.35	
585.845	42.71	
586.039	63.38	
586.232	29.31	
586.425	22.81	
586.619	105.48	
586.812	85.57	
587.005	36.97	
587.199	106.24	
587.392	111.6	
587.585	77.54	
587.778	78.3	
587.972	45.39	
588.165	85.57	
588.358	58.4	
588.551	45.39	
588.744	64.14	
588.937	38.11	
589.131	17.45	
589.324	32.76	
589.517	62.61	
589.71	64.91	
589.903	50.36	
590.096	19.36	
590.289	73.33	
590.482	78.3	
590.675	41.94	
590.868	31.99	
591.061	73.71	
591.254	43.09	
591.447	41.94	
591.64	31.99	
591.833	67.2	
592.026	39.26	
592.218	71.41	
592.411	20.89	
592.604	58.02	
592.797	80.22	
592.99	67.2	
593.183	56.87	
593.375	47.68	
593.568	40.41	
593.761	46.54	
593.954	41.94	
594.146	51.13	
594.339	55.34	
594.532	41.94	
594.724	57.63	
594.917	43.09	
595.11	13.62	
595.302	37.35	
595.495	36.97	
595.687	69.5	
595.88	46.92	
596.073	87.49	
596.265	22.42	
596.458	59.93	
596.65	30.08	
596.843	36.2	
597.035	17.06	
597.228	-5.14	
597.42	0.99	
597.612	32.37	
597.805	48.83	
597.997	9.41	
598.19	27.78	
598.382	22.04	
598.574	38.5	
598.767	41.18	
598.959	59.17	
599.151	15.92	
599.344	35.05	
599.536	49.21	
599.728	45.77	
599.92	17.45	
600.113	28.55	
600.305	38.88	
600.497	19.36	
600.689	73.33	
600.881	52.66	
601.073	45	
601.266	15.92	
601.458	54.96	
601.65	41.18	
601.842	67.2	
602.034	14	
602.226	12.85	
602.418	21.27	
602.61	2.9	
602.802	12.85	
602.994	25.48	
603.186	5.58	
603.378	27.78	
603.57	-0.16	
603.762	37.35	
603.954	40.41	
604.146	31.99	
604.337	2.14	
604.529	10.56	
604.721	24.72	
604.913	8.64	
605.105	-0.16	
605.297	36.2	
605.488	15.15	
605.68	20.51	
605.872	22.04	
606.064	35.05	
606.255	13.24	
606.447	34.29	
606.639	-0.92	
606.83	20.89	
607.022	-10.11	
607.214	27.78	
607.405	7.88	
607.597	45.39	
607.788	41.56	
607.98	30.84	
608.171	24.72	
608.363	43.47	
608.554	24.34	
608.746	46.54	
608.937	70.65	
609.129	98.97	
609.32	48.83	
609.512	116.96	
609.703	88.25	
609.895	154.47	
610.086	195.42	
610.277	214.18	
610.469	295.7	
610.66	320.58	
610.851	346.6	
611.043	384.11	
611.234	373.4	
611.425	359.24	
611.617	334.36	
611.808	316.37	
611.999	300.68	
612.19	245.56	
612.381	225.66	
612.573	205.37	
612.764	219.92	
612.955	205.37	
613.146	209.2	
613.337	180.88	
613.528	214.18	
613.719	139.54	
613.91	153.7	
614.101	154.47	
614.292	117.34	
614.483	136.48	
614.674	98.21	
614.865	89.78	
615.056	110.07	
615.247	70.65	
615.438	70.27	
615.629	105.86	
615.82	80.22	
616.011	85.19	
616.202	56.87	
616.393	63.38	
616.584	74.48	
616.774	53.81	
616.965	22.42	
617.156	67.59	
617.347	35.05	
617.538	5.96	
617.728	20.13	
617.919	29.69	
618.11	19.36	
618.3	54.19	
618.491	13.62	
618.682	33.9	
618.872	36.2	
619.063	40.41	
619.254	71.41	
619.444	28.93	
619.635	30.08	
619.825	38.5	
620.016	43.09	
620.207	27.02	
620.397	50.36	
620.588	33.52	
620.778	60.31	
620.969	35.05	
621.159	67.59	
621.349	28.16	
621.54	52.28	
621.73	30.84	
621.921	38.11	
622.111	48.07	
622.301	45.39	
622.492	51.51	
622.682	56.49	
622.872	57.25	
623.063	32.37	
623.253	-0.16	
623.443	52.66	
623.633	49.98	
623.824	51.51	
624.014	66.44	
624.204	25.48	
624.394	21.27	
624.584	53.81	
624.775	29.31	
624.965	3.29	
625.155	63.38	
625.345	52.28	
625.535	35.05	
625.725	27.78	
625.915	56.49	
626.105	61.08	
626.295	77.54	
626.485	27.4	
626.675	17.06	
626.865	52.66	
627.055	62.99	
627.245	39.65	
627.435	26.63	
627.625	36.58	
627.815	42.71	
628.005	47.68	
628.194	30.46	
628.384	32.76	
628.574	36.2	
628.764	49.21	
628.954	44.24	
629.143	37.73	
629.333	53.04	
629.523	39.65	
629.713	53.81	
629.902	64.52	
630.092	39.26	
630.282	57.25	
630.471	47.3	
630.661	42.71	
630.851	66.82	
631.04	76.77	
631.23	53.81	
631.419	36.97	
631.609	53.42	
631.799	33.14	
631.988	54.19	
632.178	48.45	
632.367	80.98	
632.557	54.96	
632.746	52.66	
632.935	27.02	
633.125	28.16	
633.314	23.57	
633.504	32.76	
633.693	33.52	
633.882	-1.69	
634.072	18.98	
634.261	4.82	
634.45	-29.63	
634.64	21.66	
634.829	10.94	
635.018	34.67	
635.208	12.47	
635.397	4.82	
635.586	8.26	
635.775	19.36	
635.964	0.61	
636.154	30.08	
636.343	33.9	
636.532	20.89	
636.721	14.38	
636.91	20.13	
637.099	28.55	
637.288	31.23	
637.477	16.68	
637.666	33.9	
637.855	1.37	
638.044	7.5	
638.233	22.81	
638.422	17.06	
638.611	33.14	
638.8	33.14	
638.989	-33.08	
639.178	-13.17	
639.367	30.46	
639.556	9.03	
639.745	46.15	
639.934	3.67	
640.122	29.31	
640.311	6.35	
640.5	4.43	
640.689	15.53	
640.878	39.26	
641.066	5.2	
641.255	2.14	
641.444	7.5	
641.633	19.36	
641.821	34.29	
642.01	4.43	
642.199	12.85	
642.387	17.83	
642.576	7.11	
642.764	6.35	
642.953	22.42	
643.142	7.11	
643.33	67.59	
643.519	10.17	
643.707	53.42	
643.896	-32.69	
644.084	12.09	
644.273	7.11	
644.461	45	
644.649	-10.11	
644.838	12.85	
645.026	7.5	
645.215	18.21	
645.403	11.71	
645.591	-4.37	
645.78	20.89	
645.968	17.45	
646.156	7.5	
646.345	20.89	
646.533	-7.43	
646.721	40.03	
646.909	24.72	
647.098	28.93	
647.286	-6.28	
647.474	-1.69	
647.662	31.99	
647.85	22.42	
648.039	18.21	
648.227	34.67	
648.415	7.88	
648.603	21.66	
648.791	13.62	
648.979	36.97	
649.167	6.73	
649.355	40.41	
649.543	56.87	
649.731	19.36	
649.919	43.09	
650.107	29.31	
650.295	18.59	
650.483	23.57	
650.671	7.88	
650.859	11.71	
651.047	-24.65	
651.235	22.42	
651.422	16.3	
651.61	19.36	
651.798	69.5	
651.986	28.55	
652.174	5.96	
652.361	43.09	
652.549	66.44	
652.737	28.55	
652.925	12.47	
653.112	33.52	
653.3	18.59	
653.488	-12.41	
653.675	14.38	
653.863	30.08	
654.051	4.05	
654.238	7.5	
654.426	-4.75	
654.613	29.31	
654.801	-2.46	
654.988	34.29	
655.176	33.52	
655.363	9.79	
655.551	44.24	
655.738	33.14	
655.926	1.75	
656.113	38.11	
656.301	-15.09	
656.488	27.02	
656.675	19.36	
656.863	23.19	
657.05	-12.41	
657.238	17.45	
657.425	1.37	
657.612	37.73	
657.799	7.5	
657.987	22.81	
658.174	9.41	
658.361	29.69	
658.548	-17.38	
658.736	19.74	
658.923	35.05	
659.11	37.35	
659.297	-49.53	
659.484	8.26	
659.671	6.73	
659.859	13.24	
660.046	9.41	
660.233	43.47	
660.42	15.92	
660.607	12.09	
660.794	38.5	
660.981	0.61	
661.168	-12.79	
661.355	22.42	
661.542	6.35	
661.729	30.84	
661.916	36.58	
662.103	-10.11	
662.289	2.9	
662.476	20.51	
662.663	26.25	
662.85	31.61	
663.037	13.62	
663.224	-24.27	
663.41	16.3	
663.597	-22.36	
663.784	0.61	
663.971	-3.22	
664.157	31.61	
664.344	7.5	
664.531	-15.85	
664.718	42.32	
664.904	24.72	
665.091	-8.58	
665.277	-8.96	
665.464	15.92	
665.651	3.29	
665.837	-0.92	
666.024	33.9	
666.21	46.15	
666.397	39.26	
666.583	7.5	
666.77	15.53	
666.956	6.35	
667.143	46.54	
667.329	-19.3	
667.516	31.99	
667.702	-27.72	
667.889	23.95	
668.075	-3.6	
668.261	14	
668.448	-25.42	
668.634	1.75	
668.82	15.92	
669.007	24.72	
669.193	17.83	
669.379	-0.16	
669.565	15.53	
669.752	1.75	
669.938	31.61	
670.124	-0.54	
670.31	12.85	
670.496	7.88	
670.683	9.41	
670.869	10.56	
671.055	9.79	
671.241	-1.69	
671.427	33.9	
671.613	-19.68	
671.799	-16.23	
671.985	7.88	
672.171	49.98	
672.357	-25.04	
672.543	28.55	
672.729	-19.3	
672.915	5.58	
673.101	20.13	
673.287	12.85	
673.473	-32.31	
673.659	-20.83	
673.844	-1.69	
674.03	25.48	
674.216	20.51	
674.402	18.59	
674.588	31.23	
674.774	15.92	
674.959	2.9	
675.145	40.03	
675.331	3.29	
675.517	1.75	
675.702	-15.09	
675.888	18.98	
676.074	7.5	
676.259	2.14	
676.445	14	
676.631	-7.05	
676.816	-27.33	
677.002	16.68	
677.187	-29.25	
677.373	10.56	
677.558	0.22	
677.744	-2.07	
677.929	-5.52	
678.115	-9.73	
678.3	8.26	
678.486	13.24	
678.671	4.05	
678.857	14.38	
679.042	14	
679.227	21.66	
679.413	20.13	
679.598	18.59	
679.783	29.69	
679.969	-8.96	
680.154	50.75	
680.339	46.92	
680.525	-4.37	
680.71	15.15	
680.895	4.05	
681.08	-3.6	
681.266	-38.43	
681.451	10.94	
681.636	5.58	
681.821	15.53	
682.006	7.5	
682.191	2.9	
682.376	15.53	
682.561	4.82	
682.747	2.14	
682.932	1.37	
683.117	22.04	
683.302	-10.88	
683.487	22.42	
683.672	-6.28	
683.857	9.41	
684.042	2.9	
684.226	2.14	
684.411	10.94	
684.596	-6.28	
684.781	-5.14	
684.966	-3.99	
685.151	2.14	
685.336	2.14	
685.521	12.85	
685.705	-0.92	
685.89	33.9	
686.075	21.66	
686.26	14.77	
686.444	-0.16	
686.629	14.77	
686.814	-6.28	
686.998	17.06	
687.183	29.31	
687.368	38.88	
687.552	-21.98	
687.737	22.04	
687.922	10.17	
688.106	12.47	
688.291	4.43	
688.475	-20.83	
688.66	-0.16	
688.844	-3.6	
689.029	-10.49	
689.213	-20.83	
689.398	-33.46	
689.582	36.58	
689.767	35.05	
689.951	20.13	
690.136	14.77	
690.32	27.78	
690.504	1.75	
690.689	-8.58	
690.873	23.19	
691.057	-38.82	
691.242	-0.92	
691.426	25.87	
691.61	-3.99	
691.794	-7.43	
691.979	-10.49	
692.163	1.37	
692.347	12.09	
692.531	23.19	
692.715	15.53	
692.899	0.99	
693.084	10.17	
693.268	35.05	
693.452	15.92	
693.636	-8.2	
693.82	5.2	
694.004	41.94	
694.188	22.42	
694.372	10.17	
694.556	2.9	
694.74	46.92	
694.924	-0.16	
695.108	15.15	
695.292	1.37	
695.476	31.61	
695.66	-0.54	
695.844	26.25	
696.027	23.95	
696.211	26.63	
696.395	-19.68	
696.579	29.69	
696.763	6.35	
696.946	-21.98	
697.13	15.92	
697.314	2.52	
697.498	26.25	
697.681	21.27	
697.865	-1.69	
698.049	-3.99	
698.232	8.26	
698.416	18.59	
698.6	2.14	
698.783	3.67	
698.967	27.02	
699.15	16.68	
699.334	10.94	
699.518	33.9	
699.701	1.75	
699.885	-2.07	
700.068	-14.7	
700.252	4.82	
700.435	-6.28	
700.618	35.44	
700.802	-25.04	
700.985	-7.81	
701.169	44.24	
701.352	-18.53	
701.535	-12.41	
701.719	0.61	
701.902	22.42	
702.085	14.77	
702.269	0.61	
702.452	27.02	
702.635	-15.47	
702.818	-19.3	
703.002	22.04	
703.185	22.04	
703.368	22.42	
703.551	0.61	
703.734	7.88	
703.918	-4.75	
704.101	14.77	
704.284	18.98	
704.467	19.36	
704.65	-12.79	
704.833	18.21	
705.016	22.04	
705.199	7.88	
705.382	19.36	
705.565	-0.92	
705.748	20.51	
705.931	6.35	
706.114	18.59	
706.297	31.23	
706.48	48.83	
706.663	41.56	
706.845	10.56	
707.028	32.37	
707.211	28.16	
707.394	13.24	
707.577	25.1	
707.76	57.63	
707.942	25.48	
708.125	4.05	
708.308	53.04	
708.49	39.26	
708.673	37.35	
708.856	12.85	
709.039	46.15	
709.221	10.56	
709.404	-13.56	
709.586	-13.94	
709.769	-23.51	
709.952	-7.81	
710.134	18.59	
710.317	-8.58	
710.499	14	
710.682	13.62	
710.864	-3.22	
711.047	8.64	
711.229	17.06	
711.412	8.64	
711.594	29.31	
711.776	10.94	
711.959	25.1	
712.141	16.3	
712.324	9.79	
712.506	4.43	
712.688	14.77	
712.871	15.53	
713.053	22.04	
713.235	10.56	
713.417	-37.29	
713.6	16.3	
713.782	-1.31	
713.964	29.31	
714.146	42.32	
714.328	-19.68	
714.511	8.64	
714.693	10.17	
714.875	21.27	
715.057	-16.23	
715.239	17.83	
715.421	10.17	
715.603	38.88	
715.785	21.27	
715.967	20.89	
716.149	-15.47	
716.331	7.88	
716.513	-6.28	
716.695	20.51	
716.877	-4.37	
717.059	42.71	
717.241	14	
717.423	18.98	
717.605	-20.44	
717.786	7.11	
717.968	-13.17	
718.15	3.67	
718.332	-29.25	
718.514	14.38	
718.695	-13.94	
718.877	10.94	
719.059	4.05	
719.241	24.34	
719.422	-0.54	
719.604	15.92	
719.786	-3.6	
719.967	-0.16	
720.149	35.05	
720.331	21.66	
720.512	-4.37	
720.694	5.96	
720.875	11.32	
721.057	-0.16	
721.238	-2.84	
721.42	-3.6	
721.601	-1.31	
721.783	22.81	
721.964	17.45	
722.146	31.61	
722.327	-6.67	
722.509	-6.28	
722.69	9.79	
722.871	36.97	
723.053	-30.4	
723.234	9.79	
723.415	-9.35	
723.597	-4.37	
723.778	10.94	
723.959	19.36	
724.14	-6.28	
724.322	9.79	
724.503	16.3	
724.684	-26.19	
724.865	29.31	
725.047	10.94	
725.228	20.89	
725.409	23.19	
725.59	27.02	
725.771	7.11	
725.952	7.11	
726.133	4.43	
726.314	17.83	
726.495	-11.64	
726.676	13.24	
726.857	31.99	
727.038	33.14	
727.219	29.69	
727.4	-12.02	
727.581	8.26	
727.762	0.99	
727.943	32.37	
728.124	-27.33	
728.305	17.06	
728.485	-7.81	
728.666	-38.43	
728.847	-10.49	
729.028	9.79	
729.209	4.82	
729.389	6.73	
729.57	-13.17	
729.751	-5.52	
729.932	-7.81	
730.112	-10.49	
730.293	-4.75	
730.474	36.2	
730.654	-10.49	
730.835	-1.31	
731.015	-34.22	
731.196	-19.68	
731.377	1.75	
731.557	27.02	
731.738	23.19	
731.918	20.51	
732.099	24.72	
732.279	3.67	
732.46	-0.54	
732.64	-6.67	
732.821	35.05	
733.001	-9.35	
733.181	-19.68	
733.362	10.17	
733.542	34.29	
733.722	14.77	
733.903	33.52	
734.083	8.64	
734.263	5.96	
734.444	-6.67	
734.624	25.87	
734.804	-9.73	
734.984	15.92	
735.165	22.81	
735.345	9.03	
735.525	0.61	
735.705	-23.89	
735.885	7.11	
736.065	45.77	
736.246	33.14	
736.426	36.2	
736.606	9.03	
736.786	-8.58	
736.966	15.53	
737.146	9.79	
737.326	3.29	
737.506	10.56	
737.686	12.09	
737.866	12.47	
738.046	43.86	
738.226	2.52	
738.405	7.88	
738.585	9.41	
738.765	7.11	
738.945	5.58	
739.125	23.57	
739.305	-27.33	
739.485	2.14	
739.664	-4.75	
739.844	3.29	
740.024	-4.75	
740.204	20.89	
740.383	-5.52	
740.563	0.61	
740.743	24.72	
740.922	27.4	
741.102	18.98	
741.282	-0.54	
741.461	0.99	
741.641	16.68	
741.82	-19.3	
742	-18.15	
742.179	-15.09	
742.359	10.56	
742.538	7.5	
742.718	25.87	
742.897	19.74	
743.077	0.22	
743.256	28.93	
743.436	1.75	
743.615	15.15	
743.795	5.2	
743.974	-21.59	
744.153	-3.6	
744.333	-5.9	
744.512	-13.17	
744.691	17.45	
744.87	11.32	
745.05	27.4	
745.229	0.61	
745.408	12.47	
745.587	2.14	
745.767	-4.37	
745.946	-7.05	
746.125	-17.38	
746.304	21.27	
746.483	11.71	
746.662	-8.96	
746.841	-20.83	
747.02	27.78	
747.2	-16.23	
747.379	36.2	
747.558	-9.73	
747.737	-16.23	
747.916	-5.9	
748.095	-2.07	
748.274	26.25	
748.452	-28.48	
748.631	-6.67	
748.81	-38.05	
748.989	-11.64	
749.168	22.04	
749.347	46.15	
749.526	-8.58	
749.705	-15.85	
749.883	-1.31	
750.062	-20.44	
750.241	-6.67	
750.42	-25.04	
750.598	19.74	
750.777	35.82	
750.956	16.68	
751.134	14.77	
751.313	2.52	
751.492	-13.17	
751.67	5.96	
751.849	-0.92	
752.028	-18.53	
752.206	1.75	
752.385	18.59	
752.563	-32.31	
752.742	-0.92	
752.92	8.26	
753.099	-10.49	
753.277	12.85	
753.456	45.77	
753.634	24.72	
753.812	25.87	
753.991	3.29	
754.169	-29.25	
754.348	19.74	
754.526	-14.32	
754.704	-19.68	
754.883	14	
755.061	11.71	
755.239	13.24	
755.417	-14.7	
755.596	36.2	
755.774	30.08	
755.952	12.09	
756.13	0.22	
756.308	-12.79	
756.487	-19.3	
756.665	-38.82	
756.843	-24.27	
757.021	-5.9	
757.199	0.61	
757.377	13.62	
757.555	-7.05	
757.733	-8.58	
757.911	28.55	
758.089	25.48	
758.267	-23.89	
758.445	18.21	
758.623	-20.44	
758.801	33.14	
758.979	15.15	
759.157	-0.92	
759.335	46.92	
759.513	49.6	
759.69	10.56	
759.868	1.37	
760.046	1.37	
760.224	31.99	
760.402	24.34	
760.579	5.2	
760.757	2.14	
760.935	18.59	
761.113	11.71	
761.29	4.05	
761.468	33.9	
761.646	2.9	
761.823	32.37	
762.001	20.13	
762.178	9.03	
762.356	3.29	
762.534	47.3	
762.711	-4.37	
762.889	-23.12	
763.066	7.11	
763.244	2.9	
763.421	28.16	
763.599	-1.69	
763.776	-23.51	
763.954	-13.94	
764.131	-7.05	
764.308	18.98	
764.486	-14.7	
764.663	-2.46	
764.84	2.52	
765.018	-0.54	
765.195	-8.96	
765.372	-3.22	
765.55	-21.21	
765.727	38.11	
765.904	11.32	
766.081	-24.65	
766.258	26.63	
766.436	20.89	
766.613	-8.2	
766.79	36.97	
766.967	-2.07	
767.144	0.22	
767.321	14.38	
767.498	25.48	
767.675	5.58	
767.852	-6.28	
768.029	32.76	
768.206	21.66	
768.383	15.15	
768.56	-7.05	
768.737	-31.16	
768.914	14.77	
769.091	-24.27	
769.268	56.1	
769.445	15.15	
769.622	14	
769.799	-5.52	
769.976	19.36	
770.152	32.76	
770.329	-14.32	
770.506	20.13	
770.683	-6.67	
770.86	-13.94	
771.036	1.37	
771.213	-24.27	
771.39	31.99	
771.566	24.34	
771.743	14.38	
771.92	-8.2	
772.096	33.52	
772.273	22.04	
772.449	-2.46	
772.626	36.58	
772.803	-4.37	
772.979	-15.09	
773.156	-3.22	
773.332	8.64	
773.509	52.66	
773.685	-1.31	
773.861	4.05	
774.038	-0.54	
774.214	-21.98	
774.391	31.99	
774.567	17.83	
774.743	6.35	
774.92	23.19	
775.096	33.52	
775.272	2.14	
775.449	38.88	
775.625	6.35	
775.801	17.06	
775.977	-26.19	
776.154	-14.7	
776.33	14	
776.506	-14.7	
776.682	12.47	
776.858	10.17	
777.035	-18.53	
777.211	36.58	
777.387	-6.67	
777.563	-18.15	
777.739	2.9	
777.915	12.47	
778.091	8.26	
778.267	15.53	
778.443	6.73	
778.619	-20.06	
778.795	17.06	
778.971	-16.62	
779.147	-21.21	
779.323	14	
779.499	-0.54	
779.674	21.66	
779.85	28.93	
780.026	-2.84	
780.202	13.62	
780.378	25.1	
780.554	-19.68	
780.729	46.54	
780.905	-13.94	
781.081	4.05	
781.256	27.4	
781.432	28.55	
781.608	12.85	
781.783	26.63	
781.959	-25.04	
782.135	-21.98	
782.31	23.95	
782.486	13.62	
782.662	-3.22	
782.837	14.77	
783.013	-15.85	
783.188	18.21	
783.364	21.27	
783.539	-3.99	
783.715	14.77	
783.89	16.68	
784.065	20.89	
784.241	6.73	
784.416	0.61	
784.592	22.04	
784.767	1.37	
784.942	9.03	
785.118	23.57	
785.293	-16.62	
785.468	-10.49	
785.643	8.26	
785.819	26.63	
785.994	18.59	
786.169	14.77	
786.344	-0.54	
786.52	-20.44	
786.695	6.73	
786.87	-5.14	
787.045	15.92	
787.22	2.52	
787.395	17.83	
787.57	-18.15	
787.745	-0.92	
787.92	6.35	
788.095	27.02	
788.27	22.04	
788.445	-3.6	
788.62	1.37	
788.795	30.46	
788.97	19.74	
789.145	-9.73	
789.32	27.78	
789.495	31.99	
789.67	-7.43	
789.845	31.99	
790.02	6.35	
790.194	41.56	
790.369	13.62	
790.544	36.2	
790.719	-17.77	
790.893	34.67	
791.068	10.17	
791.243	-0.16	
791.418	-26.57	
791.592	14	
791.767	5.96	
791.941	25.87	
792.116	8.26	
792.291	11.32	
792.465	-21.98	
792.64	-3.22	
792.814	-31.93	
792.989	23.95	
793.163	21.66	
793.338	-10.11	
793.512	4.43	
793.687	-2.84	
793.861	40.03	
794.036	19.74	
794.21	-23.12	
794.385	13.62	
794.559	18.59	
794.733	15.53	
794.908	-8.58	
795.082	-3.99	
795.256	-17	
795.43	-36.14	
795.605	-6.28	
795.779	-2.84	
795.953	-8.2	
796.127	21.27	
796.302	33.9	
796.476	19.74	
796.65	21.66	
796.824	30.46	
796.998	18.59	
797.172	27.78	
797.346	-2.07	
797.52	-17	
797.694	3.29	
797.869	-3.99	
798.043	8.64	
798.217	-12.02	
798.391	23.95	
798.564	10.17	
798.738	12.85	
798.912	-25.04	
799.086	-25.04	
799.26	27.4	
799.434	-0.92	
799.608	40.03	
799.782	22.42	
799.956	-18.53	
800.129	-5.52	
800.303	-13.56	
800.477	-12.02	
800.651	-2.84	
800.824	-9.73	
800.998	45.77	
801.172	-2.07	
801.345	32.37	
801.519	-39.96	
801.693	20.13	
801.866	-18.15	
802.04	-6.28	
802.214	6.35	
802.387	-8.58	
802.561	9.41	
802.734	-10.11	
802.908	-24.65	
803.081	8.26	
803.255	-14.32	
803.428	-2.46	
803.602	9.41	
803.775	28.93	
803.948	29.31	
804.122	-1.69	
804.295	22.42	
804.469	3.29	
804.642	-5.52	
804.815	8.64	
804.989	38.11	
805.162	-31.54	
805.335	9.79	
805.508	14.38	
805.682	12.09	
805.855	18.98	
806.028	6.73	
806.201	23.19	
806.374	-4.37	
806.547	-8.96	
806.721	-8.58	
806.894	21.66	
807.067	-5.9	
807.24	75.62	
807.413	30.84	
807.586	9.41	
807.759	-5.14	
807.932	-7.43	
808.105	3.29	
808.278	14.38	
808.451	1.37	
808.624	24.34	
808.797	19.36	
808.97	-0.16	
809.143	10.94	
809.315	11.32	
809.488	22.04	
809.661	-17	
809.834	18.21	
810.007	24.72	
810.179	-14.32	
810.352	48.45	
810.525	12.47	
810.698	25.1	
810.87	22.81	
811.043	17.45	
811.216	-50.68	
811.388	29.69	
811.561	7.11	
811.733	12.85	
811.906	11.32	
812.079	-21.21	
812.251	10.94	
812.424	7.11	
812.596	57.63	
812.769	23.57	
812.941	29.31	
813.114	7.88	
813.286	5.2	
813.459	-24.27	
813.631	11.32	
813.803	21.66	
813.976	19.36	
814.148	27.78	
814.32	2.9	
814.493	22.42	
814.665	52.28	
814.837	-12.02	
815.01	-12.41	
815.182	6.73	
815.354	-11.26	
815.526	11.32	
815.699	5.2	
815.871	-12.41	
816.043	0.99	
816.215	-28.1	
816.387	9.03	
816.559	13.24	
816.731	-28.48	
816.903	28.93	
817.075	45	
817.248	20.51	
817.42	3.29	
817.592	20.89	
817.764	-0.92	
817.935	30.84	
818.107	30.84	
818.279	18.21	
818.451	22.04	
818.623	21.66	
818.795	-30.4	
818.967	29.31	
819.139	31.99	
819.311	10.56	
819.482	2.9	
819.654	-1.31	
819.826	20.89	
819.998	24.72	
820.169	34.29	
820.341	-0.92	
820.513	35.44	
820.684	26.63	
820.856	-25.8	
821.028	-2.46	
821.199	-11.26	
821.371	-8.96	
821.543	-29.25	
821.714	8.26	
821.886	-7.81	
822.057	4.43	
822.229	7.88	
822.4	-10.88	
822.572	-6.67	
822.743	-19.68	
822.915	-28.87	
823.086	-15.09	
823.257	12.47	
823.429	4.05	
823.6	-29.63	
823.772	11.71	
823.943	-15.09	
824.114	31.61	
824.285	28.16	
824.457	-0.92	
824.628	-10.49	
824.799	14.77	
824.971	0.99	
825.142	16.68	
825.313	-9.35	
825.484	5.58	
825.655	0.22	
825.826	-5.52	
825.997	27.78	
826.169	48.83	
826.34	3.29	
826.511	11.32	
826.682	-21.98	
826.853	-13.94	
827.024	-20.06	
827.195	-22.36	
827.366	35.82	
827.537	30.46	
827.708	17.45	
827.879	29.69	
828.05	14.77	
828.22	4.82	
828.391	25.87	
828.562	-10.49	
828.733	14.77	
828.904	11.71	
829.075	4.05	
829.245	22.04	
829.416	-32.69	
829.587	13.62	
829.758	-21.59	
829.928	4.05	
830.099	18.59	
830.27	-41.11	
830.44	31.61	
830.611	-21.98	
830.782	13.62	
830.952	16.3	
831.123	29.69	
831.293	38.11	
831.464	-9.35	
831.634	-1.69	
831.805	27.02	
831.975	-2.07	
832.146	2.9	
832.316	40.41	
832.487	-32.31	
832.657	-10.49	
832.827	17.45	
832.998	30.08	
833.168	-0.92	
833.339	16.3	
833.509	24.34	
833.679	12.85	
833.849	7.88	
834.02	48.45	
834.19	-20.83	
834.36	41.18	
834.53	8.64	
834.701	-10.11	
834.871	-2.84	
835.041	30.46	
835.211	14.77	
835.381	-8.58	
835.551	-9.73	
835.721	-10.49	
835.892	20.51	
836.062	23.19	
836.232	-25.04	
836.402	33.14	
836.572	38.88	
836.742	24.72	
836.912	-19.68	
837.082	31.61	
837.251	3.29	
837.421	28.16	
837.591	3.67	
837.761	14	
837.931	31.23	
838.101	10.94	
838.271	17.45	
838.44	27.4	
838.61	-15.85	
838.78	22.42	
838.95	-2.07	
839.119	-19.68	
839.289	5.58	
839.459	-1.69	
839.629	28.16	
839.798	-0.16	
839.968	-18.53	
840.137	19.36	
840.307	-5.9	
840.477	2.14	
840.646	19.74	
840.816	-12.79	
840.985	-17.77	
841.155	-4.37	
841.324	-6.67	
841.494	-17.77	
841.663	24.34	
841.833	-5.9	
842.002	-14.32	
842.171	-1.69	
842.341	17.45	
842.51	46.15	
842.68	-13.56	
842.849	-6.28	
843.018	-7.81	
843.187	30.84	
843.357	29.31	
843.526	16.3	
843.695	-23.89	
843.864	51.51	
844.034	-5.14	
844.203	9.79	
844.372	19.36	
844.541	-11.64	
844.71	30.46	
844.879	5.58	
845.048	3.67	
845.218	-8.58	
845.387	43.09	
845.556	24.34	
845.725	22.42	
845.894	35.82	
846.063	-5.14	
846.232	2.9	
846.401	18.59	
846.569	43.47	
846.738	7.88	
846.907	18.21	
847.076	-7.43	
847.245	20.13	
847.414	-2.84	
847.583	12.09	
847.751	-30.78	
847.92	31.23	
848.089	-20.83	
848.258	22.42	
848.426	-8.58	
848.595	-11.64	
848.764	2.14	
848.933	-10.88	
849.101	0.61	
849.27	-12.41	
849.438	15.53	
849.607	20.13	
849.776	26.25	
849.944	24.72	
850.113	-22.74	
850.281	6.35	
850.45	11.71	
850.618	29.31	
850.787	-11.26	
850.955	-0.92	
851.124	-10.49	
851.292	-5.9	
851.46	-14.32	
851.629	-12.02	
851.797	-25.42	
851.966	-6.67	
852.134	12.09	
852.302	13.62	
852.47	-2.07	
852.639	14.38	
852.807	-55.27	
852.975	10.56	
853.143	-17.38	
853.312	7.88	
853.48	2.52	
853.648	-20.06	
853.816	6.73	
853.984	33.52	
854.152	5.96	
854.32	5.2	
854.489	15.15	
854.657	17.83	
854.825	-17.77	
854.993	9.03	
855.161	7.11	
855.329	-1.69	
855.497	-14.32	
855.665	25.87	
855.832	17.83	
856	18.98	
856.168	6.73	
856.336	-13.17	
856.504	-5.52	
856.672	9.41	
856.84	16.3	
857.007	5.58	
857.175	10.17	
857.343	37.73	
857.511	20.89	
857.678	30.08	
857.846	-23.89	
858.014	22.81	
858.181	13.62	
858.349	21.66	
858.517	-9.35	
858.684	31.23	
858.852	-13.17	
859.02	-16.23	
859.187	9.41	
859.355	1.75	
859.522	-25.04	
859.69	-16.62	
859.857	51.13	
860.025	37.73	
860.192	30.46	
860.359	25.48	
860.527	7.11	
860.694	4.82	
860.862	-16.23	
861.029	-6.28	
861.196	8.26	
861.364	-18.53	
861.531	-3.6	
861.698	1.75	
861.866	-32.69	
862.033	15.53	
862.2	-24.65	
862.367	-25.42	
862.534	13.24	
862.702	0.61	
862.869	3.29	
863.036	-1.31	
863.203	12.47	
863.37	-29.25	
863.537	16.3	
863.704	2.9	
863.871	-15.09	
864.038	-14.32	
864.205	-30.01	
864.372	17.83	
864.539	3.29	
864.706	-10.49	
864.873	-17.38	
865.04	18.21	
865.207	17.06	
865.374	34.67	
865.541	8.64	
865.708	11.32	
865.874	-5.14	
866.041	-12.79	
866.208	41.18	
866.375	-0.16	
866.541	0.99	
866.708	8.26	
866.875	20.89	
867.042	9.41	
867.208	-17.77	
867.375	0.99	
867.542	20.89	
867.708	25.1	
867.875	15.15	
868.041	-15.47	
868.208	18.21	
868.374	4.82	
868.541	12.85	
868.708	-18.91	
868.874	9.03	
869.04	12.09	
869.207	-10.49	
869.373	27.02	
869.54	-8.58	
869.706	20.51	
869.873	4.43	
870.039	33.14	
870.205	12.09	
870.372	30.46	
870.538	36.2	
870.704	5.2	
870.87	-4.75	
871.037	15.15	
871.203	-7.05	
871.369	-10.88	
871.535	0.22	
871.702	47.68	
871.868	-6.28	
872.034	-3.6	
872.2	15.92	
872.366	1.75	
872.532	-24.27	
872.698	-8.58	
872.864	-7.81	
873.03	3.29	
873.196	8.26	
873.362	6.35	
873.528	-6.67	
873.694	1.75	
873.86	-24.65	
874.026	25.87	
874.192	29.69	
874.358	0.61	
874.524	-11.64	
874.69	-12.79	
874.855	4.43	
875.021	-5.52	
875.187	-4.37	
875.353	-8.2	
875.519	4.43	
875.684	20.51	
875.85	20.89	
876.016	10.17	
876.181	-29.25	
876.347	8.26	
876.513	5.58	
876.678	6.73	
876.844	30.46	
877.01	60.7	
877.175	-26.19	
877.341	7.11	
877.506	-13.56	
877.672	10.17	
877.837	4.82	
878.003	-44.56	
878.168	22.81	
878.334	-17.38	
878.499	2.9	
878.664	10.56	
878.83	2.9	
878.995	20.89	
879.16	2.14	
879.326	3.29	
879.491	-5.52	
879.656	28.55	
879.822	28.93	
879.987	25.48	
880.152	-17.77	
880.317	-26.19	
880.483	7.5	
880.648	17.45	
880.813	12.09	
880.978	12.47	
881.143	5.2	
881.308	8.64	
881.473	9.79	
881.638	36.2	
881.804	-6.67	
881.969	12.85	
882.134	-26.19	
882.299	9.03	
882.464	-25.8	
882.628	10.17	
882.793	28.16	
882.958	-8.2	
883.123	-8.2	
883.288	15.53	
883.453	2.52	
883.618	7.11	
883.783	12.47	
883.947	18.21	
884.112	21.66	
884.277	21.27	
884.442	-17	
884.607	-2.07	
884.771	-32.31	
884.936	-12.02	
885.101	17.06	
885.265	30.84	
885.43	12.09	
885.595	5.96	
885.759	-14.32	
885.924	-14.32	
886.088	-30.4	
886.253	26.25	
886.417	0.61	
886.582	44.24	
886.746	2.14	
886.911	-14.32	
887.075	-24.65	
887.24	-15.47	
887.404	-19.3	
887.569	-0.54	
887.733	6.73	
887.897	-9.73	
888.062	29.69	
888.226	7.5	
888.39	9.79	
888.555	1.75	
888.719	-8.58	
888.883	-4.37	
889.047	-11.26	
889.212	2.52	
889.376	-20.83	
889.54	-8.96	
889.704	-8.96	
