FLMT09758_1:101		
180.403	-25.36	
180.624	-25.36	
180.845	-25.36	
181.066	-4.31	
181.287	-17.32	
181.509	11.77	
181.73	10.62	
181.951	12.15	
182.172	0.29	
182.393	5.26	
182.614	19.04	
182.835	3.35	
183.056	-3.54	
183.277	-52.15	
183.498	-18.08	
183.719	3.35	
183.94	7.94	
184.161	1.82	
184.382	32.05	
184.603	9.47	
184.824	36.26	
185.045	6.41	
185.266	11	
185.487	39.33	
185.708	6.41	
185.929	37.41	
186.15	-1.63	
186.37	9.09	
186.591	21.34	
186.812	-26.89	
187.033	16.36	
187.254	9.47	
187.475	0.29	
187.695	-45.64	
187.916	10.62	
188.137	21.72	
188.358	53.11	
188.578	13.3	
188.799	46.6	
189.02	-8.13	
189.24	-12.34	
189.461	-2.01	
189.682	11.77	
189.902	11.39	
190.123	37.8	
190.344	-2.77	
190.564	28.61	
190.785	2.2	
191.006	23.63	
191.226	37.41	
191.447	37.03	
191.667	-2.77	
191.888	2.97	
192.108	18.28	
192.329	22.1	
192.549	30.14	
192.77	45.07	
192.99	5.65	
193.211	41.62	
193.431	12.15	
193.652	25.17	
193.872	-38.75	
194.092	19.81	
194.313	11.39	
194.533	20.96	
194.754	23.25	
194.974	31.67	
195.194	-1.24	
195.415	2.2	
195.635	31.29	
195.855	20.57	
196.076	-5.45	
196.296	12.15	
196.516	45.83	
196.736	59.23	
196.957	27.46	
197.177	24.4	
197.397	32.82	
197.617	39.33	
197.838	2.97	
198.058	14.83	
198.278	28.61	
198.498	4.5	
198.718	33.97	
198.938	-8.13	
199.158	7.94	
199.379	25.55	
199.599	23.63	
199.819	23.63	
200.039	11	
200.259	1.44	
200.479	14.45	
200.699	38.18	
200.919	21.72	
201.139	3.35	
201.359	-2.01	
201.579	4.5	
201.799	31.67	
202.019	6.41	
202.239	21.34	
202.459	9.09	
202.679	-15.02	
202.899	65.74	
203.118	3.35	
203.338	63.82	
203.558	2.58	
203.778	42.39	
203.998	13.68	
204.218	16.36	
204.438	38.94	
204.657	34.35	
204.877	15.6	
205.097	38.56	
205.317	15.6	
205.536	18.28	
205.756	23.63	
205.976	7.56	
206.196	2.2	
206.415	45.07	
206.635	27.84	
206.855	21.72	
207.074	36.26	
207.294	25.17	
207.514	26.31	
207.733	-13.49	
207.953	12.15	
208.172	44.69	
208.392	15.21	
208.612	1.05	
208.831	17.51	
209.051	15.6	
209.27	5.26	
209.49	16.36	
209.709	29.38	
209.929	32.05	
210.148	27.46	
210.368	25.17	
210.587	12.15	
210.807	9.09	
211.026	15.6	
211.245	12.53	
211.465	21.34	
211.684	2.97	
211.904	8.32	
212.123	49.66	
212.342	-5.07	
212.562	50.81	
212.781	24.02	
213	17.13	
213.22	11.39	
213.439	12.92	
213.658	-9.28	
213.877	3.73	
214.097	16.74	
214.316	53.49	
214.535	-10.43	
214.754	-16.55	
214.973	6.79	
215.193	38.94	
215.412	30.14	
215.631	-0.48	
215.85	22.87	
216.069	-3.16	
216.288	41.62	
216.507	23.63	
216.727	15.98	
216.946	26.31	
217.165	6.79	
217.384	45.07	
217.603	28.23	
217.822	3.35	
218.041	-3.16	
218.26	36.65	
218.479	45.07	
218.698	22.49	
218.917	-0.48	
219.136	19.42	
219.355	-10.05	
219.574	18.28	
219.792	38.56	
220.011	6.03	
220.23	20.96	
220.449	6.79	
220.668	-11.2	
220.887	27.46	
221.106	-2.77	
221.324	40.09	
221.543	31.67	
221.762	29.38	
221.981	20.19	
222.2	42.39	
222.418	2.97	
222.637	6.79	
222.856	-0.48	
223.075	30.91	
223.293	-5.45	
223.512	-20	
223.731	15.21	
223.949	6.79	
224.168	34.35	
224.387	31.29	
224.605	-4.31	
224.824	17.89	
225.042	-9.28	
225.261	38.18	
225.48	10.62	
225.698	-3.16	
225.917	19.81	
226.135	34.73	
226.354	5.26	
226.572	9.47	
226.791	36.26	
227.009	53.11	
227.228	7.56	
227.446	26.7	
227.665	-2.77	
227.883	36.65	
228.101	30.91	
228.32	8.32	
228.538	-13.11	
228.757	14.07	
228.975	14.07	
229.193	11	
229.412	47.36	
229.63	19.81	
229.848	22.49	
230.067	49.66	
230.285	23.63	
230.503	26.31	
230.721	22.49	
230.94	36.65	
231.158	2.58	
231.376	17.51	
231.594	-16.55	
231.813	13.68	
232.031	36.65	
232.249	-3.92	
232.467	22.49	
232.685	8.71	
232.903	19.04	
233.121	28.23	
233.34	9.47	
233.558	27.08	
233.776	10.62	
233.994	28.23	
234.212	-6.22	
234.43	25.17	
234.648	-10.43	
234.866	20.19	
235.084	56.17	
235.302	30.91	
235.52	-6.99	
235.738	-11.96	
235.956	30.91	
236.174	18.28	
236.392	16.74	
236.61	61.14	
236.827	14.83	
237.045	15.21	
237.263	22.1	
237.481	-20.76	
237.699	15.6	
237.917	41.24	
238.135	7.94	
238.352	26.7	
238.57	26.31	
238.788	9.86	
239.006	42.77	
239.223	46.22	
239.441	14.45	
239.659	21.34	
239.877	21.34	
240.094	37.8	
240.312	53.49	
240.53	64.59	
240.747	-0.48	
240.965	27.08	
241.183	26.7	
241.4	25.17	
241.618	19.04	
241.835	51.57	
242.053	16.36	
242.271	71.09	
242.488	28.23	
242.706	28.61	
242.923	32.05	
243.141	22.1	
243.358	-1.63	
243.576	48.9	
243.793	22.49	
244.011	46.22	
244.228	17.13	
244.446	29.38	
244.663	32.82	
244.88	21.34	
245.098	36.26	
245.315	6.79	
245.533	10.24	
245.75	19.81	
245.967	36.65	
246.185	11.39	
246.402	37.41	
246.619	15.98	
246.837	30.52	
247.054	37.8	
247.271	42.01	
247.488	45.45	
247.706	22.49	
247.923	55.4	
248.14	15.21	
248.357	44.69	
248.574	35.88	
248.792	50.43	
249.009	10.62	
249.226	28.61	
249.443	2.97	
249.66	17.51	
249.877	1.05	
250.094	-4.31	
250.311	29.76	
250.529	49.66	
250.746	-11.2	
250.963	81.05	
251.18	-19.62	
251.397	43.15	
251.614	39.33	
251.831	11.39	
252.048	48.51	
252.265	27.46	
252.482	0.29	
252.698	39.71	
252.915	5.26	
253.132	9.47	
253.349	13.68	
253.566	27.08	
253.783	-2.39	
254	44.3	
254.217	43.92	
254.434	27.84	
254.65	28.61	
254.867	32.82	
255.084	7.18	
255.301	33.59	
255.517	47.75	
255.734	40.09	
255.951	43.54	
256.168	33.2	
256.384	21.34	
256.601	18.28	
256.818	30.91	
257.034	75.69	
257.251	22.1	
257.468	32.05	
257.684	30.14	
257.901	35.5	
258.118	14.83	
258.334	87.17	
258.551	74.16	
258.767	26.31	
258.984	49.28	
259.2	51.96	
259.417	52.72	
259.634	28.99	
259.85	61.53	
260.066	71.09	
260.283	47.36	
260.499	56.93	
260.716	52.34	
260.932	98.27	
261.149	69.56	
261.365	81.43	
261.582	57.7	
261.798	92.15	
262.014	95.97	
262.231	69.56	
262.447	77.98	
262.663	159.89	
262.88	157.59	
263.096	302.27	
263.312	412.5	
263.528	596.6	
263.745	851.12	
263.961	1199.04	
264.177	1687.03	
264.393	2192.25	
264.61	2842.15	
264.826	3586.58	
265.042	4299.25	
265.258	5310.45	
265.474	6170.47	
265.691	7158.71	
265.907	8199.77	
266.123	9087.35	
266.339	10113.1	
266.555	10759.55	
266.771	11005.65	
266.987	11348.97	
267.203	11016.75	
267.419	10404.36	
267.635	9839.82	
267.851	8986.3	
268.067	7984.29	
268.283	6845.63	
268.499	5847.82	
268.715	4850.78	
268.931	3950.57	
269.147	3179.34	
269.363	2448.69	
269.579	1850.08	
269.795	1353.28	
270.011	1008.05	
270.226	776.87	
270.442	577.08	
270.658	428.58	
270.874	337.48	
271.09	212.71	
271.306	154.91	
271.521	148.03	
271.737	115.49	
271.953	89.85	
272.169	78.75	
272.384	66.5	
272.6	59.61	
272.816	87.93	
273.031	48.9	
273.247	53.11	
273.463	107.07	
273.678	54.64	
273.894	37.03	
274.11	76.84	
274.325	86.79	
274.541	22.1	
274.756	87.55	
274.972	16.36	
275.188	86.79	
275.403	82.96	
275.619	63.82	
275.834	20.96	
276.05	25.17	
276.265	64.97	
276.481	37.03	
276.696	44.69	
276.912	6.79	
277.127	30.91	
277.342	26.7	
277.558	44.69	
277.773	52.34	
277.989	54.25	
278.204	24.78	
278.419	27.46	
278.635	22.49	
278.85	42.01	
279.065	34.73	
279.281	55.02	
279.496	42.39	
279.711	27.08	
279.926	15.98	
280.142	3.35	
280.357	30.14	
280.572	46.22	
280.787	25.93	
281.003	20.57	
281.218	12.53	
281.433	62.67	
281.648	17.13	
281.863	30.91	
282.078	92.53	
282.293	65.74	
282.509	48.51	
282.724	28.61	
282.939	40.09	
283.154	11.39	
283.369	31.29	
283.584	50.43	
283.799	42.77	
284.014	33.59	
284.229	26.7	
284.444	50.04	
284.659	-6.6	
284.874	7.94	
285.089	25.55	
285.304	52.72	
285.519	38.18	
285.733	21.34	
285.948	62.29	
286.163	-11.96	
286.378	34.35	
286.593	42.39	
286.808	31.67	
287.023	-0.86	
287.237	10.24	
287.452	24.4	
287.667	51.96	
287.882	21.34	
288.096	26.7	
288.311	-8.52	
288.526	18.66	
288.741	24.78	
288.955	31.67	
289.17	2.97	
289.385	6.79	
289.599	11.39	
289.814	2.58	
290.029	45.83	
290.243	35.88	
290.458	-1.63	
290.672	41.24	
290.887	-7.75	
291.102	50.04	
291.316	-18.08	
291.531	8.71	
291.745	17.13	
291.96	7.94	
292.174	10.62	
292.389	14.07	
292.603	-6.99	
292.818	31.67	
293.032	14.83	
293.246	35.88	
293.461	34.35	
293.675	-6.22	
293.89	5.26	
294.104	28.23	
294.318	17.51	
294.533	19.81	
294.747	17.13	
294.961	23.25	
295.176	-8.52	
295.39	4.11	
295.604	46.22	
295.819	0.67	
296.033	1.44	
296.247	-2.39	
296.461	-4.31	
296.676	6.41	
296.89	-14.64	
297.104	32.44	
297.318	19.81	
297.532	33.59	
297.746	-27.27	
297.96	30.14	
298.175	19.04	
298.389	-0.1	
298.603	1.05	
298.817	22.49	
299.031	11	
299.245	23.25	
299.459	15.21	
299.673	38.94	
299.887	27.08	
300.101	32.44	
300.315	23.25	
300.529	24.02	
300.743	32.05	
300.957	20.57	
301.171	1.44	
301.385	9.09	
301.599	42.39	
301.813	28.61	
302.026	-11.58	
302.24	24.78	
302.454	34.73	
302.668	45.07	
302.882	11.77	
303.096	22.87	
303.309	5.65	
303.523	8.32	
303.737	53.49	
303.951	34.73	
304.164	6.03	
304.378	33.59	
304.592	13.3	
304.806	31.29	
305.019	1.44	
305.233	46.22	
305.447	31.29	
305.66	-10.81	
305.874	19.81	
306.087	30.91	
306.301	16.74	
306.515	27.46	
306.728	-3.54	
306.942	17.89	
307.155	27.08	
307.369	13.3	
307.582	18.66	
307.796	-7.75	
308.009	17.51	
308.223	4.5	
308.436	9.47	
308.65	31.67	
308.863	-7.37	
309.077	12.53	
309.29	21.72	
309.503	27.84	
309.717	-24.97	
309.93	25.55	
310.144	-11.2	
310.357	6.41	
310.57	16.74	
310.784	4.5	
310.997	0.29	
311.21	27.84	
311.423	8.71	
311.637	55.02	
311.85	-0.86	
312.063	39.33	
312.276	30.91	
312.49	22.1	
312.703	16.74	
312.916	24.4	
313.129	35.12	
313.342	24.4	
313.555	4.5	
313.768	33.97	
313.982	9.47	
314.195	39.33	
314.408	17.13	
314.621	32.44	
314.834	23.25	
315.047	28.61	
315.26	7.56	
315.473	31.29	
315.686	-32.63	
315.899	30.52	
316.112	4.5	
316.325	56.55	
316.538	19.04	
316.751	33.2	
316.964	35.12	
317.177	22.49	
317.39	-9.28	
317.602	31.29	
317.815	24.02	
318.028	32.44	
318.241	19.42	
318.454	-3.16	
318.667	3.73	
318.879	6.03	
319.092	-12.73	
319.305	27.84	
319.518	-13.49	
319.73	9.47	
319.943	14.45	
320.156	27.46	
320.369	16.36	
320.581	13.3	
320.794	2.58	
321.007	-18.47	
321.219	41.62	
321.432	25.17	
321.644	-18.85	
321.857	0.67	
322.07	42.77	
322.282	33.97	
322.495	-8.13	
322.707	46.6	
322.92	-5.45	
323.132	2.2	
323.345	-3.92	
323.557	42.01	
323.77	21.34	
323.982	24.4	
324.195	8.32	
324.407	7.18	
324.62	-42.2	
324.832	12.92	
325.045	-19.62	
325.257	42.77	
325.469	14.45	
325.682	34.35	
325.894	38.56	
326.106	35.12	
326.319	15.21	
326.531	37.41	
326.743	53.87	
326.955	7.18	
327.168	20.57	
327.38	17.13	
327.592	25.17	
327.804	2.2	
328.017	19.42	
328.229	1.82	
328.441	-4.31	
328.653	17.13	
328.865	33.2	
329.077	19.81	
329.29	11.77	
329.502	48.51	
329.714	9.47	
329.926	4.11	
330.138	-3.54	
330.35	29.76	
330.562	28.23	
330.774	30.91	
330.986	7.94	
331.198	42.77	
331.41	38.18	
331.622	12.15	
331.834	17.89	
332.046	2.58	
332.258	33.59	
332.47	-14.26	
332.682	-1.24	
332.894	29.76	
333.105	-2.39	
333.317	23.25	
333.529	2.58	
333.741	25.17	
333.953	25.55	
334.165	20.19	
334.376	-12.34	
334.588	12.53	
334.8	-11.96	
335.012	-0.86	
335.223	15.98	
335.435	5.65	
335.647	19.81	
335.859	66.88	
336.07	45.07	
336.282	24.4	
336.494	50.43	
336.705	36.65	
336.917	19.42	
337.128	25.55	
337.34	-7.37	
337.552	61.53	
337.763	35.12	
337.975	43.92	
338.186	23.63	
338.398	-5.07	
338.609	41.62	
338.821	9.47	
339.032	37.03	
339.244	56.17	
339.455	13.3	
339.667	28.61	
339.878	19.04	
340.09	20.96	
340.301	-3.54	
340.512	2.2	
340.724	38.94	
340.935	10.24	
341.146	30.52	
341.358	16.36	
341.569	41.24	
341.78	51.19	
341.992	2.97	
342.203	29.38	
342.414	39.71	
342.625	12.53	
342.837	-21.53	
343.048	19.04	
343.259	17.13	
343.47	19.81	
343.682	14.07	
343.893	7.18	
344.104	26.31	
344.315	48.51	
344.526	35.12	
344.737	37.03	
344.948	-24.97	
345.159	-3.54	
345.37	-7.75	
345.582	9.47	
345.793	14.83	
346.004	30.52	
346.215	17.51	
346.426	13.3	
346.637	-13.87	
346.848	25.93	
347.059	18.66	
347.27	38.94	
347.48	12.92	
347.691	16.36	
347.902	27.84	
348.113	19.42	
348.324	30.52	
348.535	35.5	
348.746	32.82	
348.957	-4.31	
349.167	33.59	
349.378	27.84	
349.589	1.05	
349.8	-3.16	
350.011	15.98	
350.221	8.71	
350.432	20.96	
350.643	24.02	
350.853	36.65	
351.064	-25.74	
351.275	15.6	
351.486	17.13	
351.696	41.62	
351.907	11.77	
352.117	7.94	
352.328	37.03	
352.539	45.83	
352.749	29.76	
352.96	38.18	
353.17	40.09	
353.381	17.51	
353.591	33.59	
353.802	18.28	
354.012	11.39	
354.223	-31.86	
354.433	-5.84	
354.644	13.68	
354.854	37.03	
355.065	40.47	
355.275	8.32	
355.486	-5.45	
355.696	41.62	
355.906	-5.84	
356.117	30.52	
356.327	48.51	
356.537	25.55	
356.748	33.97	
356.958	16.36	
357.168	30.52	
357.379	22.1	
357.589	-13.87	
357.799	8.32	
358.009	13.3	
358.219	14.07	
358.43	22.1	
358.64	33.2	
358.85	2.2	
359.06	22.1	
359.27	27.08	
359.481	53.11	
359.691	33.59	
359.901	15.6	
360.111	6.79	
360.321	42.77	
360.531	35.12	
360.741	54.64	
360.951	-1.24	
361.161	28.61	
361.371	27.46	
361.581	60.76	
361.791	47.36	
362.001	12.15	
362.211	36.65	
362.421	29.38	
362.631	1.44	
362.841	56.55	
363.051	6.41	
363.261	56.93	
363.47	26.7	
363.68	1.82	
363.89	3.35	
364.1	-6.99	
364.31	3.35	
364.52	42.39	
364.729	-16.94	
364.939	0.29	
365.149	2.97	
365.359	12.15	
365.568	5.26	
365.778	52.72	
365.988	11.39	
366.197	11	
366.407	16.74	
366.617	5.65	
366.826	42.77	
367.036	27.46	
367.246	-12.73	
367.455	35.5	
367.665	47.75	
367.874	43.54	
368.084	18.66	
368.294	26.31	
368.503	47.75	
368.713	23.25	
368.922	46.98	
369.132	33.2	
369.341	7.94	
369.551	8.71	
369.76	51.96	
369.969	30.14	
370.179	8.32	
370.388	28.61	
370.598	11.77	
370.807	28.99	
371.016	7.18	
371.226	79.51	
371.435	42.01	
371.644	39.33	
371.854	38.56	
372.063	46.6	
372.272	17.51	
372.482	-9.28	
372.691	46.98	
372.9	50.81	
373.109	48.13	
373.318	58.46	
373.528	13.3	
373.737	16.36	
373.946	22.49	
374.155	39.33	
374.364	35.12	
374.573	30.91	
374.782	1.44	
374.992	9.09	
375.201	-2.01	
375.41	52.34	
375.619	39.33	
375.828	39.71	
376.037	12.53	
376.246	36.26	
376.455	38.94	
376.664	40.09	
376.873	60.38	
377.082	62.67	
377.291	7.56	
377.5	62.67	
377.709	54.64	
377.917	24.02	
378.126	-2.77	
378.335	19.81	
378.544	32.44	
378.753	40.86	
378.962	23.63	
379.17	53.87	
379.379	51.96	
379.588	82.19	
379.797	53.11	
380.006	35.12	
380.214	33.59	
380.423	16.74	
380.632	36.26	
380.84	56.93	
381.049	4.88	
381.258	74.54	
381.466	38.94	
381.675	50.04	
381.884	13.68	
382.092	98.27	
382.301	34.35	
382.51	97.12	
382.718	32.82	
382.927	31.29	
383.135	44.69	
383.344	46.22	
383.552	41.62	
383.761	29.38	
383.969	57.32	
384.178	43.54	
384.386	51.57	
384.595	26.31	
384.803	70.33	
385.011	51.19	
385.22	34.35	
385.428	49.66	
385.637	28.23	
385.845	59.23	
386.053	50.43	
386.262	71.48	
386.47	51.19	
386.678	56.55	
386.887	30.52	
387.095	45.45	
387.303	94.06	
387.511	80.66	
387.72	57.32	
387.928	74.92	
388.136	30.52	
388.344	58.46	
388.552	13.68	
388.76	68.8	
388.969	38.56	
389.177	70.33	
389.385	66.88	
389.593	81.05	
389.801	58.85	
390.009	89.08	
390.217	76.84	
390.425	93.29	
390.633	40.09	
390.841	73.39	
391.049	78.75	
391.257	128.89	
391.465	65.74	
391.673	193.57	
391.881	177.11	
392.089	264	
392.297	283.9	
392.505	365.42	
392.713	414.03	
392.921	579.38	
393.129	706.06	
393.336	891.31	
393.544	1179.13	
393.752	1450.88	
393.96	1676.31	
394.168	2114.94	
394.375	2469.74	
394.583	3012.47	
394.791	3639.02	
394.999	4117.06	
395.206	4815.95	
395.414	5529	
395.622	6321.65	
395.829	6862.85	
396.037	7946.01	
396.245	8768.14	
396.452	9801.54	
396.66	10831.12	
396.868	11745.11	
397.075	13034.95	
397.283	14757.29	
397.49	16227.78	
397.698	17345.39	
397.905	20168.88	
398.113	21545.22	
398.32	23510.6	
398.528	24225.94	
398.735	26349.39	
398.943	28003.99	
399.15	30821.35	
399.358	32338.92	
399.565	34336.07	
399.772	34865.02	
399.98	36385.27	
400.187	36474.07	
400.395	38404.62	
400.602	37981.69	
400.809	39448.74	
401.017	39660.01	
401.224	39126.47	
401.431	37932.32	
401.638	38019.58	
401.846	35749.92	
402.053	34512.9	
402.26	32855.63	
402.467	30946.13	
402.675	30319.2	
402.882	29322.15	
403.089	25827.72	
403.296	24880.81	
403.503	21850.26	
403.71	21121.52	
403.917	18896.64	
404.125	16776.63	
404.332	15332.55	
404.539	13814.21	
404.746	12316.16	
404.953	10885.47	
405.16	9288.29	
405.367	8432.86	
405.574	7359.65	
405.781	6361.08	
405.988	5344.13	
406.195	4774.61	
406.402	3990.76	
406.609	3452.62	
406.816	2890.75	
407.022	2469.36	
407.229	2002.41	
407.436	1685.12	
407.643	1357.11	
407.85	1177.22	
408.057	935.71	
408.264	840.79	
408.47	640.61	
408.677	529.24	
408.884	458.43	
409.091	391.07	
409.297	330.21	
409.504	257.11	
409.711	218.07	
409.918	182.47	
410.124	171.76	
410.331	131.95	
410.538	160.27	
410.744	125.06	
410.951	111.66	
411.157	120.47	
411.364	76.07	
411.571	110.13	
411.777	104.78	
411.984	71.48	
412.19	76.84	
412.397	74.54	
412.603	67.65	
412.81	81.05	
413.016	58.46	
413.223	78.37	
413.429	71.86	
413.636	94.44	
413.842	49.28	
414.048	55.4	
414.255	40.09	
414.461	66.88	
414.668	36.65	
414.874	61.14	
415.08	53.87	
415.287	73.01	
415.493	58.85	
415.699	96.74	
415.905	90.61	
416.112	72.24	
416.318	29.76	
416.524	71.48	
416.73	39.71	
416.937	55.78	
417.143	52.34	
417.349	29.76	
417.555	71.48	
417.761	60.76	
417.967	44.69	
418.174	62.29	
418.38	68.42	
418.586	49.66	
418.792	30.14	
418.998	63.06	
419.204	70.33	
419.41	34.35	
419.616	37.8	
419.822	78.75	
420.028	50.04	
420.234	51.57	
420.44	38.56	
420.646	64.97	
420.852	45.07	
421.058	61.53	
421.264	43.54	
421.469	50.04	
421.675	47.75	
421.881	10.24	
422.087	49.66	
422.293	39.33	
422.499	48.13	
422.705	46.98	
422.91	41.62	
423.116	59.61	
423.322	48.51	
423.528	59.23	
423.733	17.13	
423.939	22.1	
424.145	18.66	
424.35	29.38	
424.556	73.39	
424.762	23.25	
424.967	29.76	
425.173	51.19	
425.379	55.78	
425.584	50.04	
425.79	61.53	
425.995	62.67	
426.201	58.46	
426.406	44.3	
426.612	18.28	
426.817	54.64	
427.023	35.12	
427.228	48.13	
427.434	16.36	
427.639	14.83	
427.845	76.07	
428.05	46.98	
428.256	25.93	
428.461	48.13	
428.666	16.36	
428.872	39.33	
429.077	32.44	
429.282	42.39	
429.488	35.12	
429.693	52.34	
429.898	24.4	
430.104	28.99	
430.309	22.87	
430.514	13.3	
430.719	21.72	
430.925	56.55	
431.13	53.11	
431.335	69.95	
431.54	38.56	
431.745	31.67	
431.95	36.26	
432.156	51.96	
432.361	45.07	
432.566	69.95	
432.771	32.05	
432.976	67.27	
433.181	28.61	
433.386	11.39	
433.591	39.71	
433.796	23.25	
434.001	20.57	
434.206	63.82	
434.411	115.49	
434.616	150.32	
434.821	162.95	
435.026	231.85	
435.231	229.55	
435.436	202.37	
435.641	166.4	
435.845	140.37	
436.05	122.38	
436.255	81.43	
436.46	80.66	
436.665	99.42	
436.87	113.2	
437.074	67.65	
437.279	94.44	
437.484	68.42	
437.689	80.66	
437.893	72.24	
438.098	66.88	
438.303	95.21	
438.507	46.22	
438.712	73.39	
438.917	8.32	
439.121	65.74	
439.326	32.82	
439.531	24.02	
439.735	18.28	
439.94	21.34	
440.144	29.76	
440.349	65.74	
440.553	19.04	
440.758	56.93	
440.962	69.95	
441.167	28.61	
441.371	22.1	
441.576	66.12	
441.78	22.87	
441.985	39.71	
442.189	43.92	
442.394	30.91	
442.598	46.98	
442.802	32.44	
443.007	38.56	
443.211	28.23	
443.415	46.6	
443.62	40.47	
443.824	38.56	
444.028	8.32	
444.232	41.62	
444.437	29.38	
444.641	76.45	
444.845	21.72	
445.049	0.29	
445.254	19.04	
445.458	52.72	
445.662	32.82	
445.866	25.17	
446.07	30.91	
446.274	30.52	
446.478	-5.07	
446.683	30.14	
446.887	20.57	
447.091	52.72	
447.295	19.42	
447.499	30.91	
447.703	77.22	
447.907	40.47	
448.111	19.81	
448.315	28.99	
448.519	46.22	
448.723	-4.69	
448.927	58.46	
449.13	30.14	
449.334	21.72	
449.538	8.71	
449.742	50.81	
449.946	38.18	
450.15	48.9	
450.354	17.13	
450.557	29.76	
450.761	30.91	
450.965	58.85	
451.169	15.6	
451.373	25.55	
451.576	24.4	
451.78	11.77	
451.984	38.94	
452.187	50.04	
452.391	38.18	
452.595	10.62	
452.798	4.11	
453.002	58.85	
453.206	28.61	
453.409	26.7	
453.613	28.61	
453.816	62.67	
454.02	29.38	
454.224	59.23	
454.427	48.13	
454.631	45.07	
454.834	20.96	
455.038	32.44	
455.241	35.88	
455.445	39.71	
455.648	54.25	
455.851	43.15	
456.055	14.83	
456.258	30.14	
456.462	71.86	
456.665	42.01	
456.868	32.82	
457.072	70.71	
457.275	13.3	
457.478	1.05	
457.682	24.4	
457.885	42.01	
458.088	33.59	
458.291	25.93	
458.495	42.01	
458.698	51.57	
458.901	22.49	
459.104	42.01	
459.307	16.36	
459.511	49.66	
459.714	17.89	
459.917	27.46	
460.12	37.41	
460.323	18.28	
460.526	42.01	
460.729	28.99	
460.932	12.15	
461.135	38.94	
461.338	33.59	
461.541	52.72	
461.744	40.47	
461.947	41.24	
462.15	32.82	
462.353	27.46	
462.556	34.35	
462.759	66.12	
462.962	47.75	
463.165	21.34	
463.368	49.66	
463.571	32.44	
463.774	7.18	
463.976	42.01	
464.179	48.9	
464.382	41.24	
464.585	30.14	
464.788	61.14	
464.99	12.53	
465.193	17.13	
465.396	0.29	
465.599	38.56	
465.801	35.5	
466.004	89.08	
466.207	-0.48	
466.409	44.69	
466.612	20.19	
466.815	16.36	
467.017	10.24	
467.22	3.73	
467.422	14.45	
467.625	65.35	
467.827	32.82	
468.03	23.25	
468.233	22.87	
468.435	77.6	
468.638	38.94	
468.84	10.62	
469.042	42.77	
469.245	55.4	
469.447	21.34	
469.65	28.61	
469.852	26.7	
470.055	52.34	
470.257	10.24	
470.459	38.56	
470.662	37.03	
470.864	4.11	
471.066	26.31	
471.269	-17.32	
471.471	16.36	
471.673	18.28	
471.875	12.92	
472.078	27.08	
472.28	42.39	
472.482	30.52	
472.684	-6.99	
472.886	24.4	
473.089	14.45	
473.291	20.96	
473.493	12.92	
473.695	27.46	
473.897	19.42	
474.099	15.21	
474.301	-17.7	
474.503	3.73	
474.705	27.84	
474.907	37.41	
475.109	24.78	
475.311	14.07	
475.513	-8.9	
475.715	44.69	
475.917	-12.73	
476.119	54.25	
476.321	14.45	
476.523	34.73	
476.725	36.65	
476.927	20.19	
477.129	32.05	
477.331	6.03	
477.533	17.89	
477.734	22.87	
477.936	-20.38	
478.138	51.57	
478.34	29.38	
478.541	25.55	
478.743	14.07	
478.945	19.04	
479.147	60.38	
479.348	29.38	
479.55	9.09	
479.752	-17.32	
479.953	20.57	
480.155	25.55	
480.357	8.71	
480.558	31.29	
480.76	24.4	
480.961	17.13	
481.163	46.98	
481.365	46.6	
481.566	-2.39	
481.768	5.65	
481.969	69.18	
482.171	24.78	
482.372	39.71	
482.574	41.62	
482.775	22.87	
482.976	86.02	
483.178	68.42	
483.379	61.91	
483.581	40.47	
483.782	33.2	
483.983	68.42	
484.185	75.69	
484.386	75.69	
484.587	59.61	
484.789	87.55	
484.99	33.2	
485.191	65.74	
485.392	62.29	
485.594	94.06	
485.795	111.28	
485.996	55.78	
486.197	59.23	
486.399	103.24	
486.6	83.34	
486.801	118.55	
487.002	118.94	
487.203	101.71	
487.404	89.47	
487.605	103.63	
487.806	118.17	
488.007	109.37	
488.208	131.95	
488.409	79.51	
488.611	82.96	
488.812	94.82	
489.012	102.48	
489.213	67.27	
489.414	92.53	
489.615	95.97	
489.816	60.76	
490.017	69.56	
490.218	49.66	
490.419	42.77	
490.62	117.79	
490.821	90.23	
491.021	81.43	
491.222	38.94	
491.423	77.22	
491.624	66.12	
491.825	66.88	
492.025	78.37	
492.226	77.22	
492.427	73.01	
492.628	81.43	
492.828	67.27	
493.029	57.32	
493.23	64.97	
493.43	61.53	
493.631	90.23	
493.832	50.81	
494.032	78.75	
494.233	38.18	
494.433	65.35	
494.634	36.65	
494.834	55.02	
495.035	47.75	
495.235	46.98	
495.436	37.41	
495.636	85.26	
495.837	53.87	
496.037	46.22	
496.238	72.63	
496.438	32.82	
496.639	9.86	
496.839	25.55	
497.039	80.66	
497.24	63.82	
497.44	45.07	
497.64	36.65	
497.841	68.8	
498.041	39.33	
498.241	58.85	
498.442	47.36	
498.642	73.01	
498.842	15.6	
499.042	29.38	
499.243	55.4	
499.443	57.7	
499.643	22.87	
499.843	43.92	
500.043	37.8	
500.243	7.18	
500.444	30.52	
500.644	25.17	
500.844	28.23	
501.044	15.21	
501.244	45.07	
501.444	10.62	
501.644	1.44	
501.844	36.65	
502.044	45.07	
502.244	31.29	
502.444	15.98	
502.644	-3.54	
502.844	14.83	
503.044	21.72	
503.244	38.18	
503.444	41.24	
503.643	10.24	
503.843	7.94	
504.043	-6.22	
504.243	7.94	
504.443	-8.13	
504.643	50.43	
504.842	25.17	
505.042	-13.87	
505.242	-18.47	
505.442	17.13	
505.641	7.94	
505.841	11.77	
506.041	4.11	
506.241	46.98	
506.44	13.3	
506.64	34.73	
506.839	2.58	
507.039	19.81	
507.239	-0.1	
507.438	28.99	
507.638	0.67	
507.837	9.86	
508.037	21.72	
508.237	19.81	
508.436	-3.54	
508.636	23.25	
508.835	4.88	
509.034	7.18	
509.234	-17.7	
509.433	42.77	
509.633	-12.73	
509.832	9.86	
510.032	23.63	
510.231	19.81	
510.43	16.36	
510.63	-9.66	
510.829	27.08	
511.028	14.07	
511.228	-2.77	
511.427	14.45	
511.626	4.5	
511.825	27.46	
512.025	37.03	
512.224	-11.2	
512.423	9.86	
512.622	30.14	
512.822	9.86	
513.021	43.15	
513.22	-20	
513.419	-13.49	
513.618	-18.47	
513.817	18.28	
514.016	4.88	
514.215	1.05	
514.414	38.56	
514.613	19.81	
514.813	26.7	
515.012	29.76	
515.211	33.59	
515.409	-6.6	
515.608	32.44	
515.807	6.03	
516.006	18.28	
516.205	23.63	
516.404	-5.45	
516.603	29.76	
516.802	50.04	
517.001	29.38	
517.2	-26.89	
517.398	31.29	
517.597	13.68	
517.796	9.86	
517.995	23.63	
518.194	-4.31	
518.392	-11.96	
518.591	-6.99	
518.79	11.39	
518.989	21.34	
519.187	12.92	
519.386	14.45	
519.585	-5.07	
519.783	10.62	
519.982	-34.54	
520.18	14.83	
520.379	-7.75	
520.578	6.03	
520.776	-1.24	
520.975	-3.54	
521.173	2.97	
521.372	25.93	
521.57	42.39	
521.769	22.87	
521.967	2.2	
522.166	-11.2	
522.364	-17.32	
522.563	17.51	
522.761	5.26	
522.96	37.8	
523.158	14.45	
523.356	24.4	
523.555	24.02	
523.753	35.5	
523.951	5.26	
524.15	27.84	
524.348	14.83	
524.546	26.31	
524.744	-6.6	
524.943	39.33	
525.141	7.94	
525.339	-26.12	
525.537	11.77	
525.736	-0.86	
525.934	13.3	
526.132	36.26	
526.33	-4.31	
526.528	28.61	
526.726	6.79	
526.924	-2.77	
527.122	-22.29	
527.32	43.15	
527.518	27.84	
527.717	-3.54	
527.915	16.36	
528.113	40.47	
528.311	-4.31	
528.509	5.65	
528.706	-31.1	
528.904	24.4	
529.102	-11.96	
529.3	9.47	
529.498	40.86	
529.696	28.23	
529.894	26.31	
530.092	1.44	
530.29	-16.94	
530.487	53.11	
530.685	15.21	
530.883	28.61	
531.081	10.62	
531.278	31.67	
531.476	26.7	
531.674	44.3	
531.872	26.31	
532.069	1.44	
532.267	72.24	
532.465	-3.16	
532.662	38.56	
532.86	-10.43	
533.058	13.68	
533.255	42.77	
533.453	11	
533.65	25.55	
533.848	7.56	
534.045	21.34	
534.243	4.88	
534.441	55.02	
534.638	37.03	
534.835	30.91	
535.033	27.08	
535.23	24.4	
535.428	2.97	
535.625	21.34	
535.823	-5.45	
536.02	20.19	
536.217	46.98	
536.415	31.67	
536.612	8.32	
536.809	57.32	
537.007	64.97	
537.204	78.37	
537.401	15.6	
537.599	104.78	
537.796	20.19	
537.993	37.41	
538.19	50.81	
538.387	65.74	
538.585	88.32	
538.782	83.72	
538.979	48.13	
539.176	122.76	
539.373	100.95	
539.57	94.82	
539.767	137.69	
539.965	120.85	
540.162	130.42	
540.359	199.7	
540.556	208.88	
540.753	271.65	
540.95	252.51	
541.147	327.53	
541.344	322.94	
541.541	344.37	
541.738	361.98	
541.934	340.93	
542.131	373.84	
542.328	378.05	
542.525	391.83	
542.722	355.85	
542.919	315.28	
543.116	368.48	
543.312	347.82	
543.509	340.93	
543.706	347.43	
543.903	349.35	
544.1	337.48	
544.296	327.15	
544.493	339.78	
544.69	363.13	
544.886	365.42	
545.083	384.94	
545.28	414.41	
545.476	437.38	
545.673	451.92	
545.87	391.45	
546.066	405.23	
546.263	385.71	
546.459	347.43	
546.656	345.52	
546.852	331.36	
547.049	281.6	
547.245	254.43	
547.442	228.02	
547.638	211.94	
547.835	247.92	
548.031	224.19	
548.228	197.02	
548.424	203.52	
548.621	205.05	
548.817	231.08	
549.013	175.2	
549.21	175.58	
549.406	163.34	
549.602	138.84	
549.799	181.71	
549.995	107.07	
550.191	124.3	
550.387	112.81	
550.584	88.7	
550.78	122.38	
550.976	116.64	
551.172	82.96	
551.368	105.92	
551.565	73.77	
551.761	93.68	
551.957	75.3	
552.153	88.7	
552.349	53.87	
552.545	45.07	
552.741	27.84	
552.937	34.73	
553.133	50.43	
553.329	38.56	
553.525	51.19	
553.721	74.92	
553.917	27.46	
554.113	19.42	
554.309	22.1	
554.505	23.25	
554.701	55.4	
554.897	19.42	
555.093	49.66	
555.289	23.25	
555.485	45.83	
555.68	50.43	
555.876	47.75	
556.072	14.07	
556.268	17.13	
556.464	50.43	
556.659	33.97	
556.855	28.99	
557.051	35.12	
557.247	13.3	
557.442	30.91	
557.638	31.67	
557.834	34.35	
558.029	50.04	
558.225	45.07	
558.42	-7.75	
558.616	36.26	
558.812	17.51	
559.007	-2.77	
559.203	-12.34	
559.398	28.23	
559.594	-22.68	
559.789	-14.64	
559.985	46.22	
560.18	8.71	
560.376	15.98	
560.571	5.26	
560.767	29.76	
560.962	18.66	
561.157	6.03	
561.353	24.78	
561.548	27.08	
561.744	14.45	
561.939	31.29	
562.134	12.15	
562.33	14.83	
562.525	-3.16	
562.72	19.42	
562.915	20.19	
563.111	-17.32	
563.306	-10.05	
563.501	35.12	
563.696	-22.68	
563.891	16.36	
564.087	10.24	
564.282	46.6	
564.477	1.82	
564.672	-2.01	
564.867	-0.1	
565.062	-0.86	
565.257	-30.72	
565.452	25.55	
565.647	0.67	
565.842	43.92	
566.037	12.53	
566.232	25.93	
566.427	16.74	
566.622	15.98	
566.817	50.04	
567.012	-11.58	
567.207	4.88	
567.402	0.67	
567.597	37.41	
567.792	12.15	
567.987	53.11	
568.181	39.71	
568.376	-10.05	
568.571	11.39	
568.766	14.07	
568.961	-2.77	
569.155	11	
569.35	20.57	
569.545	58.08	
569.739	-4.69	
569.934	-14.26	
570.129	2.2	
570.323	10.24	
570.518	37.8	
570.713	15.98	
570.907	36.65	
571.102	-7.75	
571.297	-8.13	
571.491	53.49	
571.686	-7.75	
571.88	-3.54	
572.075	25.17	
572.269	6.79	
572.464	20.96	
572.658	-15.02	
572.853	29.76	
573.047	-2.39	
573.242	-6.99	
573.436	20.57	
573.63	21.34	
573.825	-4.69	
574.019	-10.05	
574.213	-0.1	
574.408	8.71	
574.602	5.26	
574.796	1.05	
574.991	9.47	
575.185	0.67	
575.379	25.93	
575.573	9.09	
575.768	7.18	
575.962	5.65	
576.156	15.6	
576.35	53.11	
576.544	7.94	
576.738	26.31	
576.933	35.12	
577.127	33.97	
577.321	22.87	
577.515	25.17	
577.709	1.05	
577.903	6.41	
578.097	36.26	
578.291	24.02	
578.485	47.75	
578.679	36.65	
578.873	14.83	
579.067	43.54	
579.261	75.3	
579.455	-2.01	
579.649	68.03	
579.843	66.5	
580.036	33.59	
580.23	22.1	
580.424	71.86	
580.618	17.89	
580.812	30.14	
581.006	3.35	
581.199	22.1	
581.393	29.38	
581.587	58.08	
581.781	51.57	
581.974	24.78	
582.168	64.2	
582.362	38.18	
582.555	60.76	
582.749	35.5	
582.943	65.74	
583.136	63.06	
583.33	69.56	
583.523	54.25	
583.717	99.03	
583.911	59.99	
584.104	70.33	
584.298	51.19	
584.491	87.55	
584.685	33.2	
584.878	82.58	
585.072	55.78	
585.265	94.06	
585.458	59.61	
585.652	59.99	
585.845	40.47	
586.039	59.61	
586.232	29.38	
586.425	83.72	
586.619	75.69	
586.812	74.54	
587.005	72.63	
587.199	83.72	
587.392	35.5	
587.585	74.16	
587.778	92.15	
587.972	53.11	
588.165	60.38	
588.358	43.92	
588.551	62.67	
588.744	53.87	
588.937	63.44	
589.131	45.45	
589.324	61.14	
589.517	74.92	
589.71	27.08	
589.903	53.49	
590.096	42.39	
590.289	41.62	
590.482	51.57	
590.675	48.13	
590.868	12.53	
591.061	53.87	
591.254	31.29	
591.447	26.7	
591.64	55.4	
591.833	43.15	
592.026	63.82	
592.218	64.59	
592.411	46.98	
592.604	66.12	
592.797	62.67	
592.99	76.45	
593.183	27.46	
593.375	52.72	
593.568	39.71	
593.761	59.23	
593.954	43.92	
594.146	63.82	
594.339	45.83	
594.532	70.71	
594.724	31.29	
594.917	38.94	
595.11	20.96	
595.302	44.69	
595.495	50.04	
595.687	37.41	
595.88	23.25	
596.073	23.63	
596.265	11.39	
596.458	31.67	
596.65	49.28	
596.843	21.72	
597.035	3.73	
597.228	-18.47	
597.42	23.63	
597.612	27.84	
597.805	9.47	
597.997	42.77	
598.19	50.43	
598.382	38.94	
598.574	-13.11	
598.767	36.26	
598.959	14.45	
599.151	40.86	
599.344	14.83	
599.536	68.8	
599.728	46.6	
599.92	29.76	
600.113	20.96	
600.305	19.04	
600.497	26.31	
600.689	48.51	
600.881	57.32	
601.073	25.17	
601.266	22.1	
601.458	46.6	
601.65	58.08	
601.842	45.07	
602.034	20.57	
602.226	39.33	
602.418	10.62	
602.61	10.62	
602.802	46.22	
602.994	4.5	
603.186	23.25	
603.378	30.52	
603.57	19.42	
603.762	38.56	
603.954	-0.1	
604.146	25.17	
604.337	25.93	
604.529	-13.49	
604.721	-13.87	
604.913	18.66	
605.105	30.91	
605.297	26.7	
605.488	2.2	
605.68	-2.77	
605.872	7.94	
606.064	14.07	
606.255	25.55	
606.447	22.87	
606.639	32.44	
606.83	27.84	
607.022	30.91	
607.214	27.08	
607.405	21.34	
607.597	34.35	
607.788	27.46	
607.98	37.8	
608.171	-15.79	
608.363	27.46	
608.554	26.7	
608.746	58.85	
608.937	40.86	
609.129	95.59	
609.32	65.35	
609.512	82.96	
609.703	121.62	
609.895	150.32	
610.086	216.54	
610.277	261.7	
610.469	292.7	
610.66	399.49	
610.851	394.51	
611.043	444.27	
611.234	395.66	
611.425	416.71	
611.617	347.43	
611.808	341.31	
611.999	309.93	
612.19	300.74	
612.381	281.6	
612.573	262.08	
612.764	235.67	
612.955	252.51	
613.146	217.3	
613.337	216.92	
613.528	198.93	
613.719	168.69	
613.91	145.73	
614.101	167.16	
614.292	133.86	
614.483	125.83	
614.674	110.52	
614.865	96.74	
615.056	97.89	
615.247	88.32	
615.438	109.75	
615.629	92.91	
615.82	87.93	
616.011	72.24	
616.202	86.4	
616.393	103.63	
616.584	53.11	
616.774	42.01	
616.965	50.04	
617.156	37.8	
617.347	72.63	
617.538	51.19	
617.728	27.08	
617.919	49.66	
618.11	53.11	
618.3	43.54	
618.491	18.28	
618.682	65.35	
618.872	43.92	
619.063	58.08	
619.254	13.68	
619.444	30.14	
619.635	17.13	
619.825	9.09	
620.016	29.76	
620.207	46.98	
620.397	45.83	
620.588	35.12	
620.778	62.29	
620.969	22.49	
621.159	65.35	
621.349	34.73	
621.54	66.12	
621.73	58.08	
621.921	36.26	
622.111	70.71	
622.301	21.34	
622.492	38.94	
622.682	46.98	
622.872	45.45	
623.063	16.74	
623.253	39.33	
623.443	45.07	
623.633	37.03	
623.824	22.87	
624.014	60.76	
624.204	30.52	
624.394	39.33	
624.584	34.73	
624.775	53.87	
624.965	55.4	
625.155	55.02	
625.345	51.96	
625.535	46.98	
625.725	3.35	
625.915	49.66	
626.105	63.82	
626.295	44.69	
626.485	46.22	
626.675	45.07	
626.865	53.11	
627.055	45.07	
627.245	25.55	
627.435	63.82	
627.625	13.68	
627.815	50.43	
628.005	46.6	
628.194	70.33	
628.384	17.51	
628.574	68.03	
628.764	48.51	
628.954	48.13	
629.143	26.31	
629.333	38.18	
629.523	59.61	
629.713	65.35	
629.902	45.83	
630.092	26.31	
630.282	60.76	
630.471	52.34	
630.661	50.43	
630.851	58.85	
631.04	71.48	
631.23	9.09	
631.419	30.52	
631.609	46.98	
631.799	71.48	
631.988	48.9	
632.178	41.24	
632.367	40.86	
632.557	41.62	
632.746	27.84	
632.935	-3.16	
633.125	35.5	
633.314	41.24	
633.504	21.34	
633.693	-41.81	
633.882	30.91	
634.072	16.36	
634.261	28.99	
634.45	1.82	
634.64	-10.05	
634.829	10.62	
635.018	19.81	
635.208	9.47	
635.397	6.41	
635.586	-2.77	
635.775	-9.66	
635.964	5.26	
636.154	-0.48	
636.343	16.74	
636.532	12.53	
636.721	-35.31	
636.91	-1.63	
637.099	19.81	
637.288	35.5	
637.477	-16.17	
637.666	5.65	
637.855	-8.13	
638.044	25.93	
638.233	16.74	
638.422	-15.41	
638.611	-8.9	
638.8	3.73	
638.989	-44.88	
639.178	31.29	
639.367	30.52	
639.556	20.57	
639.745	22.87	
639.934	-8.13	
640.122	-7.75	
640.311	26.31	
640.5	2.2	
640.689	-6.99	
640.878	-13.87	
641.066	14.07	
641.255	-1.63	
641.444	31.29	
641.633	14.83	
641.821	8.32	
642.01	-2.77	
642.199	-4.31	
642.387	33.59	
642.576	-3.16	
642.764	-12.34	
642.953	-7.37	
643.142	-8.52	
643.33	15.21	
643.519	20.96	
643.707	28.99	
643.896	2.58	
644.084	17.51	
644.273	-14.26	
644.461	45.07	
644.649	6.03	
644.838	29.38	
645.026	14.45	
645.215	39.71	
645.403	0.29	
645.591	4.11	
645.78	5.65	
645.968	12.53	
646.156	9.09	
646.345	-11.96	
646.533	41.62	
646.721	12.15	
646.909	-3.16	
647.098	28.23	
647.286	-10.43	
647.474	-7.37	
647.662	27.08	
647.85	32.44	
648.039	-6.22	
648.227	22.1	
648.415	22.87	
648.603	9.09	
648.791	6.41	
648.979	38.56	
649.167	47.75	
649.355	14.07	
649.543	33.2	
649.731	13.68	
649.919	9.09	
650.107	16.36	
650.295	2.97	
650.483	8.71	
650.671	-24.97	
650.859	-6.6	
651.047	38.94	
651.235	12.92	
651.422	-8.52	
651.61	14.45	
651.798	36.65	
651.986	22.49	
652.174	2.2	
652.361	12.15	
652.549	16.74	
652.737	37.03	
652.925	-22.29	
653.112	20.57	
653.3	32.05	
653.488	-19.62	
653.675	4.11	
653.863	6.79	
654.051	-6.99	
654.238	2.58	
654.426	4.88	
654.613	28.99	
654.801	7.18	
654.988	-5.45	
655.176	2.2	
655.363	13.68	
655.551	14.45	
655.738	25.55	
655.926	7.94	
656.113	12.15	
656.301	-19.62	
656.488	29.38	
656.675	40.47	
656.863	22.1	
657.05	24.02	
657.238	-9.66	
657.425	-8.52	
657.612	9.09	
657.799	2.97	
657.987	27.84	
658.174	-0.86	
658.361	-11.2	
658.548	-6.22	
658.736	8.71	
658.923	10.24	
659.11	15.98	
659.297	20.96	
659.484	-28.42	
659.671	0.29	
659.859	38.18	
660.046	2.2	
660.233	12.53	
660.42	-2.01	
660.607	-8.9	
660.794	32.44	
660.981	33.59	
661.168	10.24	
661.355	12.15	
661.542	-32.63	
661.729	24.4	
661.916	21.34	
662.103	6.03	
662.289	3.35	
662.476	32.82	
662.663	-3.16	
662.85	-13.87	
663.037	1.82	
663.224	33.2	
663.41	56.93	
663.597	3.73	
663.784	19.04	
663.971	27.46	
664.157	-0.48	
664.344	32.44	
664.531	7.56	
664.718	-16.94	
664.904	25.55	
665.091	6.03	
665.277	19.42	
665.464	49.66	
665.651	30.52	
665.837	5.26	
666.024	5.65	
666.21	37.41	
666.397	-26.12	
666.583	4.11	
666.77	7.94	
666.956	28.99	
667.143	36.65	
667.329	9.86	
667.516	6.79	
667.702	-0.1	
667.889	-22.29	
668.075	-13.87	
668.261	15.21	
668.448	9.86	
668.634	14.07	
668.82	-17.7	
669.007	-5.84	
669.193	14.83	
669.379	-3.92	
669.565	9.09	
669.752	4.88	
669.938	20.57	
670.124	-30.72	
670.31	7.18	
670.496	9.47	
670.683	30.91	
670.869	30.52	
671.055	-11.2	
671.241	15.21	
671.427	-0.1	
671.613	40.09	
671.799	-17.32	
671.985	-6.6	
672.171	20.96	
672.357	24.78	
672.543	-2.77	
672.729	9.86	
672.915	-6.6	
673.101	6.03	
673.287	43.15	
673.473	20.96	
673.659	-2.39	
673.844	-0.48	
674.03	20.96	
674.216	-24.97	
674.402	-7.37	
674.588	32.05	
674.774	-15.41	
674.959	7.56	
675.145	3.35	
675.331	25.93	
675.517	1.82	
675.702	-36.46	
675.888	-2.39	
676.074	9.09	
676.259	33.2	
676.445	10.24	
676.631	16.36	
676.816	27.46	
677.002	-5.07	
677.187	30.52	
677.373	6.03	
677.558	-15.79	
677.744	-21.91	
677.929	-23.44	
678.115	27.08	
678.3	-10.05	
678.486	-22.68	
678.671	-20	
678.857	10.62	
679.042	13.68	
679.227	8.32	
679.413	-26.5	
679.598	-15.41	
679.783	-2.01	
679.969	-21.91	
680.154	7.56	
680.339	-3.54	
680.525	15.21	
680.71	1.44	
680.895	-11.58	
681.08	-3.54	
681.266	-30.72	
681.451	-2.01	
681.636	9.47	
681.821	22.1	
682.006	22.87	
682.191	22.49	
682.376	-0.1	
682.561	-8.9	
682.747	-27.65	
682.932	13.3	
683.117	32.05	
683.302	6.41	
683.487	4.5	
683.672	-10.43	
683.857	-13.87	
684.042	13.3	
684.226	8.71	
684.411	1.82	
684.596	-23.06	
684.781	-13.49	
684.966	2.2	
685.151	-0.86	
685.336	15.6	
685.521	16.74	
685.705	20.19	
685.89	0.29	
686.075	9.09	
686.26	-11.96	
686.444	17.13	
686.629	39.71	
686.814	19.04	
686.998	25.93	
687.183	-10.05	
687.368	2.2	
687.552	-13.11	
687.737	-5.45	
687.922	9.09	
688.106	-9.28	
688.291	-5.84	
688.475	9.86	
688.66	-1.63	
688.844	24.02	
689.029	-26.12	
689.213	11	
689.398	-21.15	
689.582	21.72	
689.767	-4.69	
689.951	35.5	
690.136	5.65	
690.32	-8.9	
690.504	-2.77	
690.689	4.88	
690.873	30.52	
691.057	-6.99	
691.242	-9.66	
691.426	-5.84	
691.61	4.88	
691.794	-1.24	
691.979	-34.93	
692.163	-18.08	
692.347	-31.48	
692.531	30.91	
692.715	-1.24	
692.899	31.67	
693.084	9.47	
693.268	22.87	
693.452	22.49	
693.636	2.2	
693.82	-1.63	
694.004	17.13	
694.188	-8.9	
694.372	37.41	
694.556	-10.43	
694.74	13.3	
694.924	5.26	
695.108	12.92	
695.292	20.19	
695.476	3.73	
695.66	18.28	
695.844	33.97	
696.027	18.66	
696.211	7.18	
696.395	2.2	
696.579	28.61	
696.763	7.18	
696.946	52.72	
697.13	0.29	
697.314	1.44	
697.498	-3.54	
697.681	2.97	
697.865	18.66	
698.049	-11.96	
698.232	22.87	
698.416	3.35	
698.6	11	
698.783	24.02	
698.967	-35.69	
699.15	-20	
699.334	1.82	
699.518	10.24	
699.701	-26.5	
699.885	0.29	
700.068	9.86	
700.252	3.73	
700.435	19.04	
700.618	-15.79	
700.802	-21.15	
700.985	-11.2	
701.169	-25.74	
701.352	7.56	
701.535	-14.64	
701.719	-10.05	
701.902	2.2	
702.085	37.03	
702.269	11.77	
702.452	30.14	
702.635	7.94	
702.818	-32.25	
703.002	1.82	
703.185	-10.05	
703.368	22.49	
703.551	53.11	
703.734	7.56	
703.918	-24.97	
704.101	6.79	
704.284	24.4	
704.467	11.39	
704.65	-15.41	
704.833	29.76	
705.016	30.52	
705.199	-2.77	
705.382	19.04	
705.565	23.63	
705.748	15.98	
705.931	37.03	
706.114	21.34	
706.297	23.63	
706.48	26.7	
706.663	17.13	
706.845	27.46	
707.028	21.72	
707.211	31.29	
707.394	25.17	
707.577	53.11	
707.76	-5.07	
707.942	15.6	
708.125	22.1	
708.308	38.56	
708.49	12.92	
708.673	22.49	
708.856	14.83	
709.039	27.84	
709.221	22.87	
709.404	16.36	
709.586	16.36	
709.769	19.04	
709.952	2.2	
710.134	-8.13	
710.317	10.24	
710.499	9.09	
710.682	2.97	
710.864	29.38	
711.047	41.24	
711.229	-11.58	
711.412	25.55	
711.594	48.51	
711.776	65.74	
711.959	52.72	
712.141	12.92	
712.324	15.6	
712.506	1.44	
712.688	28.99	
712.871	15.6	
713.053	6.79	
713.235	-6.22	
713.417	30.14	
713.6	6.41	
713.782	10.24	
713.964	-6.22	
714.146	-15.02	
714.328	-19.23	
714.511	13.3	
714.693	-16.94	
714.875	15.6	
715.057	22.49	
715.239	-33.39	
715.421	14.07	
715.603	7.56	
715.785	-8.13	
715.967	15.21	
716.149	-6.22	
716.331	12.92	
716.513	1.82	
716.695	24.02	
716.877	17.89	
717.059	-6.6	
717.241	4.88	
717.423	14.83	
717.605	24.4	
717.786	28.99	
717.968	7.56	
718.15	0.29	
718.332	-12.34	
718.514	9.09	
718.695	-13.11	
718.877	19.81	
719.059	-5.84	
719.241	0.67	
719.422	-17.32	
719.604	52.72	
719.786	-13.49	
719.967	6.03	
720.149	12.53	
720.331	6.03	
720.512	-16.94	
720.694	8.32	
720.875	-48.32	
721.057	1.05	
721.238	34.73	
721.42	29.38	
721.601	2.97	
721.783	31.29	
721.964	-33.78	
722.146	4.5	
722.327	12.53	
722.509	4.11	
722.69	-13.87	
722.871	-15.02	
723.053	0.67	
723.234	-0.48	
723.415	-17.7	
723.597	38.94	
723.778	19.04	
723.959	-32.25	
724.14	-3.16	
724.322	24.4	
724.503	17.13	
724.684	7.56	
724.865	25.55	
725.047	23.63	
725.228	-26.12	
725.409	28.23	
725.59	25.93	
725.771	7.56	
725.952	-6.22	
726.133	20.96	
726.314	7.56	
726.495	-3.92	
726.676	15.6	
726.857	7.94	
727.038	-12.34	
727.219	-13.11	
727.4	14.45	
727.581	-18.08	
727.762	-42.2	
727.943	20.96	
728.124	61.53	
728.305	30.91	
728.485	9.86	
728.666	-5.07	
728.847	8.32	
729.028	28.99	
729.209	16.36	
729.389	6.79	
729.57	0.29	
729.751	-2.01	
729.932	-2.01	
730.112	22.1	
730.293	16.36	
730.474	26.31	
730.654	-18.08	
730.835	-0.1	
731.015	18.66	
731.196	41.24	
731.377	15.98	
731.557	-7.75	
731.738	7.94	
731.918	-29.18	
732.099	-22.68	
732.279	-17.7	
732.46	25.17	
732.64	-28.04	
732.821	5.26	
733.001	14.07	
733.181	-14.26	
733.362	4.88	
733.542	36.65	
733.722	17.89	
733.903	29.76	
734.083	-16.17	
734.263	-5.07	
734.444	6.41	
734.624	37.41	
734.804	61.14	
734.984	-21.15	
735.165	9.09	
735.345	24.02	
735.525	2.97	
735.705	12.15	
735.885	9.47	
736.065	-33.01	
736.246	4.5	
736.426	7.18	
736.606	2.58	
736.786	-14.26	
736.966	34.35	
737.146	-2.77	
737.326	4.5	
737.506	-36.84	
737.686	13.3	
737.866	10.62	
738.046	20.19	
738.226	-19.62	
738.405	-11.58	
738.585	1.82	
738.765	-16.94	
738.945	-5.07	
739.125	14.07	
739.305	-2.39	
739.485	12.15	
739.664	-37.22	
739.844	15.6	
740.024	-9.66	
740.204	15.6	
740.383	-6.6	
740.563	12.15	
740.743	-10.81	
740.922	12.15	
741.102	-27.27	
741.282	-24.59	
741.461	2.58	
741.641	8.71	
741.82	7.18	
742	28.23	
742.179	-11.2	
742.359	3.35	
742.538	5.65	
742.718	-3.16	
742.897	29.76	
743.077	-12.73	
743.256	11.77	
743.436	18.28	
743.615	-28.8	
743.795	17.51	
743.974	14.45	
744.153	40.86	
744.333	-31.86	
744.512	15.98	
744.691	2.97	
744.87	52.72	
745.05	8.32	
745.229	7.94	
745.408	22.1	
745.587	21.72	
745.767	-3.16	
745.946	-18.47	
746.125	-18.08	
746.304	4.11	
746.483	-10.81	
746.662	-10.81	
746.841	18.28	
747.02	-28.04	
747.2	3.73	
747.379	19.42	
747.558	18.66	
747.737	27.46	
747.916	14.07	
748.095	4.88	
748.274	1.44	
748.452	6.41	
748.631	-19.23	
748.81	-16.17	
748.989	-7.37	
749.168	16.74	
749.347	-28.04	
749.526	6.79	
749.705	-10.05	
749.883	-21.15	
750.062	1.82	
750.241	30.52	
750.42	-15.79	
750.598	10.62	
750.777	-3.16	
750.956	7.56	
751.134	-5.84	
751.313	-36.84	
751.492	-15.02	
751.67	-5.07	
751.849	5.65	
752.028	16.36	
752.206	9.47	
752.385	27.84	
752.563	-5.45	
752.742	19.42	
752.92	7.18	
753.099	10.24	
753.277	-3.16	
753.456	5.26	
753.634	25.55	
753.812	14.07	
753.991	-26.89	
754.169	37.8	
754.348	0.29	
754.526	18.28	
754.704	10.24	
754.883	15.21	
755.061	18.28	
755.239	27.08	
755.417	-9.28	
755.596	13.3	
755.774	8.32	
755.952	-2.77	
756.13	-35.69	
756.308	13.3	
756.487	-10.05	
756.665	-37.99	
756.843	-4.31	
757.021	-17.7	
757.199	-7.75	
757.377	2.2	
757.555	-22.68	
757.733	67.27	
757.911	21.72	
758.089	33.2	
758.267	15.6	
758.445	2.58	
758.623	14.83	
758.801	14.45	
758.979	-5.84	
759.157	-8.13	
759.335	23.25	
759.513	51.19	
759.69	-13.11	
759.868	12.15	
760.046	37.03	
760.224	35.88	
760.402	19.04	
760.579	41.62	
760.757	2.58	
760.935	3.35	
761.113	21.34	
761.29	26.7	
761.468	-17.7	
761.646	2.58	
761.823	-3.92	
762.001	14.83	
762.178	-23.83	
762.356	-20.38	
762.534	34.73	
762.711	-3.92	
762.889	37.8	
763.066	5.65	
763.244	3.73	
763.421	32.05	
763.599	-0.1	
763.776	-28.42	
763.954	-13.11	
764.131	27.08	
764.308	-8.9	
764.486	16.36	
764.663	-0.86	
764.84	42.77	
765.018	-4.69	
765.195	3.73	
765.372	15.21	
765.55	14.45	
765.727	-11.2	
765.904	2.97	
766.081	2.2	
766.258	23.63	
766.436	27.08	
766.613	-11.2	
766.79	21.72	
766.967	-5.07	
767.144	-14.26	
767.321	35.88	
767.498	17.51	
767.675	-13.49	
767.852	-41.05	
768.029	34.35	
768.206	-3.92	
768.383	9.09	
768.56	-3.16	
768.737	-33.78	
768.914	-13.87	
769.091	2.58	
769.268	-28.04	
769.445	43.92	
769.622	-6.99	
769.799	20.96	
769.976	-13.49	
770.152	-14.64	
770.329	12.92	
770.506	-2.39	
770.683	-18.47	
770.86	43.92	
771.036	-0.48	
771.213	-23.83	
771.39	22.1	
771.566	-5.07	
771.743	-6.22	
771.92	-31.1	
772.096	8.32	
772.273	-8.52	
772.449	15.6	
772.626	2.58	
772.803	5.65	
772.979	5.26	
773.156	-16.17	
773.332	-5.45	
773.509	-16.17	
773.685	-31.1	
773.861	1.82	
774.038	37.8	
774.214	-0.1	
774.391	14.45	
774.567	-7.37	
774.743	-9.28	
774.92	-3.16	
775.096	-11.2	
775.272	7.56	
775.449	-2.77	
775.625	18.66	
775.801	-2.39	
775.977	-25.36	
776.154	20.19	
776.33	-8.9	
776.506	-15.41	
776.682	-24.59	
776.858	6.03	
777.035	12.92	
777.211	11.39	
777.387	15.6	
777.563	7.56	
777.739	-9.28	
777.915	3.73	
778.091	9.09	
778.267	16.74	
778.443	7.94	
778.619	32.44	
778.795	1.82	
778.971	1.05	
779.147	19.42	
779.323	16.74	
779.499	-12.73	
779.674	-0.48	
779.85	18.28	
780.026	22.49	
780.202	-0.1	
780.378	-5.84	
780.554	-5.45	
780.729	2.97	
780.905	-16.55	
781.081	-18.85	
781.256	-4.69	
781.432	19.42	
781.608	-30.33	
781.783	-10.05	
781.959	-12.73	
782.135	-10.43	
782.31	-19.23	
782.486	-0.1	
782.662	6.79	
782.837	15.6	
783.013	-16.55	
783.188	0.67	
783.364	-7.37	
783.539	4.88	
783.715	23.25	
783.89	30.91	
784.065	17.51	
784.241	-6.22	
784.416	-6.22	
784.592	22.49	
784.767	-37.22	
784.942	-15.41	
785.118	1.82	
785.293	1.82	
785.468	-8.13	
785.643	-15.79	
785.819	37.03	
785.994	21.72	
786.169	7.94	
786.344	18.28	
786.52	-12.34	
786.695	32.82	
786.87	9.86	
787.045	-11.96	
787.22	-40.28	
787.395	37.03	
787.57	-25.36	
787.745	37.8	
787.92	12.15	
788.095	22.1	
788.27	-6.22	
788.445	-8.52	
788.62	-6.22	
788.795	15.6	
788.97	-15.02	
789.145	-16.55	
789.32	6.79	
789.495	-5.84	
789.67	4.11	
789.845	11	
790.02	1.05	
790.194	9.86	
790.369	5.26	
790.544	14.45	
790.719	-6.6	
790.893	-13.87	
791.068	-1.63	
791.243	-8.52	
791.418	-33.78	
791.592	1.82	
791.767	0.67	
791.941	2.58	
792.116	31.29	
792.291	-18.85	
792.465	24.78	
792.64	32.05	
792.814	-3.92	
792.989	20.57	
793.163	-27.65	
793.338	26.31	
793.512	-7.37	
793.687	-25.36	
793.861	44.69	
794.036	21.34	
794.21	12.92	
794.385	-29.18	
794.559	-39.14	
794.733	20.19	
794.908	-18.85	
795.082	-14.64	
795.256	-18.08	
795.43	-19.23	
795.605	-43.35	
795.779	-35.31	
795.953	-18.47	
796.127	-9.28	
796.302	-14.26	
796.476	18.66	
796.65	-2.39	
796.824	28.99	
796.998	-24.97	
797.172	40.47	
797.346	-45.26	
797.52	-28.8	
797.694	-2.77	
797.869	-2.39	
798.043	11.77	
798.217	12.15	
798.391	-9.66	
798.564	2.2	
798.738	-13.87	
798.912	-10.43	
799.086	-16.55	
799.26	-14.64	
799.434	-20	
799.608	-6.22	
799.782	37.03	
799.956	-2.39	
800.129	-10.05	
800.303	-11.58	
800.477	7.94	
800.651	26.7	
800.824	-18.08	
800.998	0.29	
801.172	-18.08	
801.345	-17.32	
801.519	6.03	
801.693	11	
801.866	-18.08	
802.04	-14.64	
802.214	-13.11	
802.387	6.79	
802.561	15.6	
802.734	-20.38	
802.908	25.93	
803.081	4.88	
803.255	12.15	
803.428	6.03	
803.602	-13.87	
803.775	-27.27	
803.948	-19.62	
804.122	10.62	
804.295	1.44	
804.469	30.14	
804.642	-7.75	
804.815	9.47	
804.989	-7.75	
805.162	-6.6	
805.335	-0.86	
805.508	36.26	
805.682	-24.97	
805.855	12.53	
806.028	-23.06	
806.201	13.68	
806.374	-1.63	
806.547	-7.75	
806.721	-8.9	
806.894	-7.37	
807.067	15.98	
807.24	-2.01	
807.413	-5.45	
807.586	-25.36	
807.759	-17.7	
807.932	29.38	
808.105	11.39	
808.278	10.24	
808.451	-28.04	
808.624	16.74	
808.797	-11.58	
808.97	25.17	
809.143	31.29	
809.315	1.44	
809.488	1.82	
809.661	26.7	
809.834	32.05	
810.007	39.71	
810.179	5.26	
810.352	24.02	
810.525	15.98	
810.698	30.52	
810.87	7.94	
811.043	22.49	
811.216	8.32	
811.388	17.13	
811.561	48.9	
811.733	37.41	
811.906	31.67	
812.079	19.04	
812.251	-8.9	
812.424	22.49	
812.596	15.98	
812.769	41.24	
812.941	7.18	
813.114	-4.31	
813.286	-7.75	
813.459	-24.97	
813.631	-11.2	
813.803	8.32	
813.976	13.3	
814.148	22.87	
814.32	-4.31	
814.493	-14.26	
814.665	11	
814.837	-6.99	
815.01	8.71	
815.182	24.02	
815.354	-11.58	
815.526	27.84	
815.699	14.07	
815.871	2.58	
816.043	-0.1	
816.215	4.88	
816.387	-11.96	
816.559	-13.11	
816.731	-3.54	
816.903	16.74	
817.075	-2.01	
817.248	-2.01	
817.42	15.6	
817.592	17.13	
817.764	10.24	
817.935	18.28	
818.107	-9.28	
818.279	11	
818.451	-3.92	
818.623	-10.81	
818.795	4.11	
818.967	4.11	
819.139	-21.15	
819.311	-11.2	
819.482	-42.58	
819.654	34.35	
819.826	-37.6	
819.998	-11.96	
820.169	23.25	
820.341	11	
820.513	-8.13	
820.684	-23.83	
820.856	29.76	
821.028	7.18	
821.199	-17.7	
821.371	-21.15	
821.543	-23.44	
821.714	15.21	
821.886	22.1	
822.057	-6.6	
822.229	21.72	
822.4	8.71	
822.572	-2.01	
822.743	-13.11	
822.915	17.51	
823.086	14.07	
823.257	8.71	
823.429	18.28	
823.6	25.17	
823.772	11	
823.943	-16.94	
824.114	16.74	
824.285	-26.5	
824.457	-4.69	
824.628	-18.47	
824.799	-2.77	
824.971	-4.31	
825.142	-19.23	
825.313	15.6	
825.484	26.31	
825.655	-11.58	
825.826	-9.66	
825.997	2.97	
826.169	25.17	
826.34	11	
826.511	15.98	
826.682	-2.39	
826.853	23.25	
827.024	7.56	
827.195	1.82	
827.366	-15.41	
827.537	-4.31	
827.708	-8.13	
827.879	11	
828.05	-36.46	
828.22	48.51	
828.391	-24.21	
828.562	15.6	
828.733	21.34	
828.904	-8.13	
829.075	-8.9	
829.245	7.18	
829.416	-21.15	
829.587	11.77	
829.758	16.74	
829.928	-15.02	
830.099	-22.68	
830.27	-9.66	
830.44	14.07	
830.611	-5.84	
830.782	-25.74	
830.952	16.74	
831.123	1.44	
831.293	9.86	
831.464	24.02	
831.634	-13.87	
831.805	-15.02	
831.975	20.19	
832.146	-26.5	
832.316	-9.66	
832.487	-11.58	
832.657	4.88	
832.827	13.3	
832.998	24.4	
833.168	-19.62	
833.339	11	
833.509	-26.12	
833.679	-12.73	
833.849	24.02	
834.02	22.1	
834.19	11.77	
834.36	-0.48	
834.53	29.38	
834.701	-1.63	
834.871	11.39	
835.041	-10.05	
835.211	-27.65	
835.381	-0.48	
835.551	8.32	
835.721	-1.24	
835.892	-18.47	
836.062	26.31	
836.232	2.97	
836.402	0.29	
836.572	-18.85	
836.742	-2.77	
836.912	2.58	
837.082	14.83	
837.251	12.53	
837.421	52.34	
837.591	-21.91	
837.761	-35.69	
837.931	27.84	
838.101	8.71	
838.271	7.56	
838.44	12.92	
838.61	2.2	
838.78	1.44	
838.95	25.55	
839.119	28.23	
839.289	3.35	
839.459	-12.34	
839.629	10.62	
839.798	-2.39	
839.968	9.09	
840.137	-39.9	
840.307	14.07	
840.477	15.21	
840.646	0.29	
840.816	-8.9	
840.985	-32.63	
841.155	7.94	
841.324	-12.73	
841.494	21.72	
841.663	-6.6	
841.833	-3.54	
842.002	-13.87	
842.171	-3.92	
842.341	29.76	
842.51	-8.13	
842.68	-1.63	
842.849	-2.77	
843.018	-15.41	
843.187	4.5	
843.357	7.94	
843.526	6.03	
843.695	23.25	
843.864	-27.27	
844.034	-9.28	
844.203	-28.04	
844.372	-24.59	
844.541	37.8	
844.71	9.09	
844.879	-3.54	
845.048	-16.55	
845.218	-4.31	
845.387	40.09	
845.556	12.53	
845.725	-6.99	
845.894	10.62	
846.063	-0.1	
846.232	-7.75	
846.401	-36.46	
846.569	14.45	
846.738	-47.56	
846.907	-4.31	
847.076	-11.2	
847.245	-8.13	
847.414	-5.45	
847.583	1.82	
847.751	-6.6	
847.92	14.83	
848.089	-26.12	
848.258	25.17	
848.426	-6.22	
848.595	20.57	
848.764	7.18	
848.933	-16.17	
849.101	20.96	
849.27	5.65	
849.438	25.17	
849.607	2.97	
849.776	22.1	
849.944	-1.24	
850.113	-11.58	
850.281	8.71	
850.45	-2.77	
850.618	-21.15	
850.787	-6.99	
850.955	9.09	
851.124	-23.83	
851.292	-5.07	
851.46	-21.15	
851.629	20.57	
851.797	15.98	
851.966	30.52	
852.134	4.5	
852.302	1.82	
852.47	23.63	
852.639	-15.02	
852.807	9.09	
852.975	11	
853.143	-8.13	
853.312	-10.81	
853.48	4.5	
853.648	18.28	
853.816	5.65	
853.984	1.44	
854.152	8.71	
854.32	2.2	
854.489	19.04	
854.657	12.92	
854.825	21.34	
854.993	12.92	
855.161	-8.52	
855.329	0.29	
855.497	22.1	
855.665	9.09	
855.832	-12.73	
856	2.97	
856.168	-22.68	
856.336	-3.92	
856.504	-37.6	
856.672	-3.16	
856.84	-18.08	
857.007	-15.79	
857.175	17.51	
857.343	-18.47	
857.511	-27.65	
857.678	-9.66	
857.846	11.39	
858.014	5.26	
858.181	20.96	
858.349	-8.52	
858.517	-5.84	
858.684	14.07	
858.852	-5.07	
859.02	-28.42	
859.187	13.3	
859.355	17.89	
859.522	16.36	
859.69	30.14	
859.857	0.67	
860.025	-1.63	
860.192	23.25	
860.359	-13.11	
860.527	1.44	
860.694	8.32	
860.862	-7.37	
861.029	5.26	
861.196	-19.23	
861.364	2.2	
861.531	17.89	
861.698	13.3	
861.866	31.67	
862.033	27.08	
862.2	-22.29	
862.367	10.24	
862.534	14.45	
862.702	18.28	
862.869	-13.49	
863.036	-10.43	
863.203	-13.87	
863.37	-19.62	
863.537	6.03	
863.704	-9.28	
863.871	-31.86	
864.038	-28.8	
864.205	-15.79	
864.372	-29.18	
864.539	-12.34	
864.706	53.87	
864.873	-3.54	
865.04	27.46	
865.207	-27.65	
865.374	9.86	
865.541	17.51	
865.708	20.19	
865.874	8.32	
866.041	-4.31	
866.208	-7.75	
866.375	-11.96	
866.541	7.18	
866.708	9.86	
866.875	-31.1	
867.042	-23.44	
867.208	-22.29	
867.375	8.71	
867.542	28.61	
867.708	20.57	
867.875	-21.53	
868.041	-0.86	
868.208	-32.25	
868.374	7.94	
868.541	-11.58	
868.708	-3.54	
868.874	-10.81	
869.04	3.73	
869.207	4.11	
869.373	4.5	
869.54	24.02	
869.706	3.73	
869.873	27.46	
870.039	-3.16	
870.205	1.05	
870.372	41.62	
870.538	-8.13	
870.704	-30.33	
870.87	4.11	
871.037	8.71	
871.203	-4.31	
871.369	-13.49	
871.535	-10.05	
871.702	4.5	
871.868	14.07	
872.034	22.1	
872.2	16.36	
872.366	-12.34	
872.532	8.32	
872.698	7.18	
872.864	10.24	
873.03	5.65	
873.196	-28.42	
873.362	19.04	
873.528	16.36	
873.694	1.44	
873.86	23.63	
874.026	3.73	
874.192	28.99	
874.358	11.77	
874.524	8.71	
874.69	16.36	
874.855	1.82	
875.021	-0.48	
875.187	-10.05	
875.353	-15.41	
875.519	1.05	
875.684	10.24	
875.85	32.82	
876.016	-3.92	
876.181	-1.24	
876.347	26.31	
876.513	-13.87	
876.678	22.87	
876.844	-6.99	
877.01	-6.99	
877.175	20.19	
877.341	-15.02	
877.506	10.24	
877.672	-3.16	
877.837	-15.79	
878.003	-20.76	
878.168	-55.98	
878.334	-0.1	
878.499	-14.26	
878.664	7.94	
878.83	8.32	
878.995	6.03	
879.16	-9.66	
879.326	11.39	
879.491	10.24	
879.656	12.15	
879.822	-29.57	
879.987	-11.58	
880.152	-5.07	
880.317	14.45	
880.483	6.03	
880.648	-24.97	
880.813	-3.16	
880.978	24.4	
881.143	-14.64	
881.308	-11.58	
881.473	6.41	
881.638	-1.63	
881.804	15.6	
881.969	6.03	
882.134	21.34	
882.299	-11.58	
882.464	-31.1	
882.628	-5.45	
882.793	-6.6	
882.958	-5.84	
883.123	-18.47	
883.288	9.86	
883.453	13.68	
883.618	28.23	
883.783	-13.87	
883.947	-23.83	
884.112	-2.01	
884.277	-4.31	
884.442	15.6	
884.607	-11.2	
884.771	-3.92	
884.936	-11.2	
885.101	-3.92	
885.265	17.13	
885.43	-23.06	
885.595	19.04	
885.759	-18.85	
885.924	12.92	
886.088	3.73	
886.253	15.6	
886.417	10.62	
886.582	29.38	
886.746	-1.24	
886.911	-18.47	
887.075	-10.81	
887.24	-16.55	
887.404	-21.91	
887.569	-2.01	
887.733	-21.53	
887.897	37.41	
888.062	23.63	
888.226	20.19	
888.39	15.21	
888.555	-1.24	
888.719	12.15	
888.883	5.26	
889.047	4.5	
889.212	-2.01	
889.376	-5.07	
889.54	18.66	
889.704	18.66	
