[frequency (THz)]	[signal]	[dc signal]	[interferogram phase (rad)]	[linear phase (rad)]
803.654	32.645	44.423	-2.907	6.941
803.592	67.522	44.581	-2.484	7.431
803.530	59.274	44.805	-2.062	7.922
803.468	58.549	45.097	-1.638	8.413
803.406	81.360	45.458	-1.212	8.904
803.344	45.211	45.888	-0.784	9.395
803.282	-1.823	46.385	-0.352	9.885
803.220	37.222	46.948	0.083	10.377
803.158	60.545	47.572	0.522	10.867
803.095	16.312	48.253	0.965	11.358
803.033	14.430	48.989	1.412	11.848
802.971	39.093	49.773	1.862	12.340
802.909	9.795	50.602	2.315	12.830
802.847	-8.871	51.471	2.772	13.321
802.785	19.478	52.375	3.232	13.812
802.723	23.173	53.309	3.694	14.303
802.661	0.621	54.269	4.160	14.794
802.599	-3.428	55.249	4.628	15.284
802.537	13.002	56.244	5.098	15.775
802.475	50.214	57.251	5.571	16.266
802.413	119.652	58.262	6.046	16.757
802.351	158.207	59.274	6.523	17.248
802.288	90.854	60.282	7.003	17.738
802.226	13.501	61.280	7.484	18.230
802.164	-2.791	62.263	7.968	18.720
802.102	-0.271	63.228	8.454	19.211
802.040	4.169	64.168	8.942	19.701
801.978	14.948	65.081	9.432	20.193
801.916	25.797	65.961	9.924	20.683
801.854	40.020	66.805	10.419	21.174
801.792	75.439	67.609	10.916	21.665
801.730	94.246	68.371	11.416	22.156
801.668	52.934	69.087	11.918	22.647
801.606	27.920	69.757	12.422	23.137
801.543	52.829	70.378	12.930	23.628
801.481	61.163	70.949	13.440	24.119
801.419	57.735	71.471	13.953	24.610
801.357	73.945	71.945	14.469	25.101
801.295	63.360	72.370	14.988	25.591
801.233	30.538	72.750	15.509	26.082
801.171	61.111	73.087	16.034	26.573
801.109	98.312	73.382	16.560	27.064
801.047	54.594	73.639	17.090	27.554
800.985	17.917	73.859	17.621	28.045
800.923	34.723	74.047	18.153	28.536
800.861	54.876	74.202	18.687	29.027
800.799	64.274	74.327	19.221	29.518
800.736	68.942	74.422	19.756	30.008
800.674	69.432	74.487	20.290	30.500
800.612	63.882	74.519	20.824	30.990
800.550	49.402	74.517	21.356	31.481
800.488	27.666	74.477	21.886	31.972
800.426	11.902	74.397	22.415	32.463
800.364	37.919	74.273	22.942	32.953
800.302	74.231	74.101	23.466	33.444
800.240	38.522	73.877	23.987	33.935
800.178	7.179	73.598	24.507	34.426
800.116	53.611	73.262	25.023	34.917
800.054	90.692	72.865	25.538	35.407
799.991	77.709	72.408	26.049	35.898
799.929	40.936	71.888	26.559	36.389
799.867	22.279	71.306	27.066	36.880
799.805	33.360	70.663	27.572	37.371
799.743	18.219	69.961	28.075	37.861
799.681	-18.596	69.201	28.576	38.353
799.619	-24.293	68.388	29.076	38.843
799.557	16.794	67.525	29.574	39.334
799.495	83.044	66.617	30.070	39.825
799.433	113.036	65.669	30.565	40.316
799.371	104.676	64.686	31.058	40.806
799.309	91.820	63.676	31.550	41.297
799.246	75.592	62.644	32.041	41.788
799.184	53.926	61.598	32.530	42.279
799.122	31.237	60.545	33.018	42.770
799.060	-0.173	59.492	33.505	43.260
798.998	-37.344	58.446	33.991	43.751
798.936	-17.940	57.416	34.475	44.242
798.874	44.016	56.408	34.959	44.733
798.812	42.356	55.430	35.441	45.224
798.750	12.764	54.488	35.922	45.714
798.688	14.631	53.591	36.402	46.206
798.626	-17.368	52.744	36.881	46.696
798.564	-40.704	51.953	37.358	47.187
798.502	72.790	51.225	37.835	47.678
798.439	154.483	50.563	38.310	48.169
798.377	61.675	49.973	38.784	48.659
798.315	-40.121	49.458	39.256	49.150
798.253	-62.467	49.022	39.727	49.641
798.191	-21.479	48.668	40.197	50.132
798.129	39.425	48.396	40.665	50.623
798.067	68.529	48.208	41.132	51.113
798.005	22.802	48.104	41.596	51.604
797.943	-26.520	48.084	42.060	52.095
797.881	17.783	48.147	42.521	52.586
797.819	62.044	48.289	42.981	53.077
797.757	51.522	48.508	43.438	53.567
797.694	43.282	48.801	43.893	54.059
797.632	50.326	49.162	44.347	54.549
797.570	56.162	49.587	44.798	55.040
797.508	40.396	50.069	45.246	55.531
797.446	21.788	50.602	45.692	56.022
797.384	48.372	51.177	46.135	56.512
797.322	78.612	51.789	46.576	57.003
797.260	62.881	52.427	47.014	57.494
797.198	17.529	53.084	47.448	57.984
797.136	-12.220	53.750	47.879	58.476
797.074	15.647	54.418	48.306	58.966
797.012	45.759	55.077	48.728	59.457
796.950	42.145	55.720	49.146	59.948
796.887	47.111	56.338	49.557	60.439
796.825	62.035	56.926	49.962	60.929
796.763	63.153	57.477	50.358	61.420
796.701	47.074	57.989	50.743	61.911
796.639	39.972	58.460	51.114	62.402
796.577	84.514	58.893	51.469	62.893
796.515	107.990	59.294	51.805	63.384
796.453	54.523	59.672	52.120	63.874
796.391	43.876	60.040	52.416	64.365
796.329	83.995	60.410	52.699	64.856
796.267	76.090	60.787	52.980	65.347
796.205	51.234	61.168	53.272	65.837
796.142	57.032	61.539	53.584	66.329
796.080	84.951	61.884	53.920	66.819
796.018	85.477	62.188	54.281	67.310
795.956	22.487	62.437	54.664	67.801
795.894	-0.649	62.622	55.065	68.292
795.832	44.859	62.736	55.482	68.782
795.770	57.433	62.776	55.912	69.273
795.708	33.052	62.740	56.353	69.764
795.646	13.313	62.630	56.804	70.255
795.584	20.420	62.447	57.263	70.746
795.522	55.094	62.193	57.728	71.237
795.460	96.509	61.874	58.200	71.727
795.398	101.877	61.493	58.678	72.218
795.335	59.146	61.057	59.161	72.709
795.273	23.110	60.571	59.648	73.200
795.211	29.906	60.042	60.141	73.690
795.149	76.991	59.478	60.637	74.182
795.087	86.602	58.887	61.138	74.672
795.025	49.724	58.276	61.644	75.163
794.963	52.921	57.654	62.153	75.654
794.901	91.026	57.031	62.666	76.145
794.839	114.147	56.414	63.183	76.635
794.777	77.596	55.814	63.704	77.126
794.715	20.348	55.240	64.228	77.617
794.653	24.591	54.700	64.756	78.108
794.590	31.886	54.205	65.288	78.599
794.528	2.933	53.762	65.823	79.090
794.466	-6.021	53.380	66.361	79.580
794.404	12.375	53.067	66.901	80.071
794.342	39.602	52.829	67.444	80.562
794.280	80.217	52.672	67.989	81.053
794.218	92.453	52.602	68.535	81.543
794.156	12.415	52.621	69.082	82.035
794.094	-21.603	52.730	69.630	82.525
794.032	57.995	52.931	70.178	83.016
793.970	41.349	53.222	70.725	83.507
793.908	-26.617	53.600	71.272	83.998
793.846	26.736	54.061	71.817	84.488
793.783	70.066	54.598	72.361	84.979
793.721	37.064	55.204	72.903	85.470
793.659	28.701	55.872	73.442	85.961
793.597	39.884	56.592	73.980	86.452
793.535	42.882	57.354	74.516	86.943
793.473	81.039	58.148	75.049	87.433
793.411	109.670	58.962	75.581	87.924
793.349	46.978	59.786	76.110	88.415
793.287	19.299	60.608	76.636	88.906
793.225	65.561	61.415	77.161	89.396
793.163	28.460	62.198	77.684	89.887
793.101	-25.582	62.944	78.205	90.378
793.038	17.558	63.643	78.723	90.869
792.976	53.854	64.284	79.240	91.360
792.914	42.578	64.857	79.754	91.850
792.852	32.250	65.353	80.267	92.341
792.790	38.908	65.763	80.778	92.832
792.728	46.256	66.079	81.287	93.323
792.666	14.041	66.293	81.793	93.813
792.604	8.358	66.400	82.298	94.305
792.542	89.310	66.395	82.800	94.795
792.480	109.639	66.273	83.300	95.286
792.418	47.113	66.032	83.797	95.777
792.356	26.981	65.671	84.291	96.268
792.293	52.477	65.189	84.782	96.759
792.231	83.178	64.587	85.269	97.249
792.169	86.187	63.870	85.753	97.740
792.107	66.061	63.043	86.232	98.231
792.045	46.127	62.114	86.705	98.722
791.983	35.681	61.092	87.173	99.213
791.921	39.425	59.990	87.635	99.703
791.859	58.376	58.826	88.088	100.194
791.797	81.822	57.620	88.533	100.685
791.735	92.841	56.395	88.969	101.176
791.673	72.402	55.181	89.395	101.666
791.611	17.878	54.008	89.811	102.158
791.549	-45.828	52.913	90.217	102.648
791.486	-43.823	51.928	90.615	103.139
791.424	16.248	51.086	91.009	103.630
791.362	44.264	50.412	91.400	104.121
791.300	52.296	49.920	91.793	104.612
791.238	64.610	49.616	92.192	105.102
791.176	59.601	49.497	92.598	105.593
791.114	44.253	49.553	93.014	106.084
791.052	38.876	49.771	93.439	106.575
790.990	40.408	50.135	93.874	107.066
790.928	59.218	50.633	94.319	107.556
790.866	104.092	51.250	94.771	108.047
790.804	71.044	51.976	95.231	108.538
790.741	-42.513	52.800	95.696	109.029
790.679	-26.568	53.714	96.168	109.519
790.617	25.564	54.709	96.644	110.011
790.555	-43.300	55.778	97.124	110.501
790.493	-28.167	56.916	97.608	110.992
790.431	47.684	58.114	98.094	111.483
790.369	-38.194	59.369	98.584	111.974
790.307	-78.930	60.673	99.076	112.465
790.245	27.124	62.020	99.569	112.955
790.183	34.004	63.404	100.065	113.446
790.121	10.566	64.820	100.562	113.937
790.059	92.790	66.260	101.061	114.428
789.997	117.410	67.718	101.561	114.919
789.934	44.011	69.188	102.062	115.409
789.872	-29.720	70.662	102.564	115.900
789.810	-50.470	72.133	103.067	116.391
789.748	-13.225	73.595	103.571	116.882
789.686	39.178	75.039	104.076	117.372
789.624	64.773	76.458	104.581	117.863
789.562	52.751	77.845	105.088	118.354
789.500	53.899	79.191	105.594	118.845
789.438	65.728	80.490	106.102	119.336
789.376	56.822	81.734	106.609	119.826
789.314	56.975	82.916	107.118	120.318
789.252	72.539	84.028	107.627	120.808
789.189	67.070	85.063	108.136	121.299
789.127	12.164	86.014	108.646	121.789
789.065	-61.315	86.875	109.156	122.281
789.003	-37.693	87.639	109.667	122.771
788.941	13.521	88.301	110.178	123.262
788.879	-23.166	88.855	110.689	123.753
788.817	-50.807	89.297	111.201	124.244
788.755	-12.333	89.621	111.713	124.735
788.693	68.053	89.824	112.226	125.225
788.631	139.777	89.902	112.739	125.716
788.569	160.296	89.853	113.253	126.207
788.507	118.163	89.674	113.768	126.698
788.445	64.274	89.364	114.282	127.189
788.382	45.144	88.923	114.798	127.679
788.320	31.677	88.351	115.314	128.171
788.258	5.232	87.648	115.831	128.661
788.196	-23.871	86.816	116.349	129.152
788.134	0.373	85.857	116.868	129.642
788.072	54.715	84.776	117.388	130.134
788.010	44.413	83.576	117.909	130.624
787.948	50.564	82.262	118.432	131.115
787.886	109.247	80.842	118.956	131.606
787.824	85.574	79.322	119.482	132.097
787.762	17.831	77.710	120.011	132.588
787.700	4.616	76.018	120.542	133.078
787.637	20.214	74.255	121.076	133.569
787.575	30.866	72.436	121.614	134.060
787.513	18.618	70.574	122.157	134.551
787.451	-11.635	68.688	122.705	135.042
787.389	-31.642	66.798	123.259	135.532
787.327	-1.999	64.926	123.821	136.024
787.265	46.473	63.101	124.392	136.514
787.203	76.394	61.355	124.973	137.005
787.141	87.958	59.725	125.566	137.495
787.079	58.726	58.253	126.171	137.987
787.017	-16.524	56.984	126.790	138.477
786.955	-53.095	55.964	127.421	138.968
786.893	-19.680	55.227	128.060	139.459
786.830	44.210	54.796	128.703	139.950
786.768	58.941	54.671	129.345	140.441
786.706	33.693	54.830	129.979	140.931
786.644	74.533	55.234	130.601	141.422
786.582	91.563	55.836	131.210	141.913
786.520	30.450	56.588	131.806	142.404
786.458	38.796	57.445	132.388	142.895
786.396	90.138	58.369	132.958	143.385
786.334	83.566	59.328	133.518	143.877
786.272	38.054	60.294	134.069	144.367
786.210	12.360	61.248	134.613	144.858
786.148	48.785	62.171	135.150	145.348
786.085	56.626	63.050	135.681	145.840
786.023	19.015	63.874	136.207	146.330
785.961	29.740	64.634	136.730	146.821
785.899	52.057	65.323	137.248	147.312
785.837	47.163	65.935	137.764	147.803
785.775	56.670	66.467	138.276	148.294
785.713	56.166	66.915	138.786	148.784
785.651	22.229	67.277	139.294	149.275
785.589	28.412	67.553	139.799	149.766
785.527	53.419	67.743	140.303	150.257
785.465	26.920	67.846	140.805	150.747
785.403	5.925	67.866	141.305	151.238
785.340	17.226	67.804	141.804	151.729
785.278	26.933	67.663	142.301	152.220
785.216	20.369	67.447	142.797	152.711
785.154	17.222	67.160	143.291	153.201
785.092	62.475	66.807	143.784	153.692
785.030	85.167	66.394	144.276	154.183
784.968	41.340	65.925	144.767	154.674
784.906	43.348	65.407	145.256	155.165
784.844	47.228	64.846	145.745	155.655
784.782	-28.781	64.250	146.232	156.147
784.720	-49.202	63.624	146.718	156.637
784.658	-2.326	62.976	147.204	157.128
784.596	11.179	62.313	147.688	157.619
784.533	23.206	61.642	148.172	158.110
784.471	47.770	60.969	148.655	158.600
784.409	45.214	60.301	149.137	159.091
784.347	35.891	59.644	149.619	159.582
784.285	52.212	59.004	150.100	160.073
784.223	100.186	58.386	150.581	160.564
784.161	114.519	57.796	151.062	161.054
784.099	65.459	57.237	151.543	161.545
784.037	63.428	56.714	152.024	162.036
783.975	55.889	56.230	152.506	162.527
783.913	-41.601	55.787	152.989	163.018
783.851	-51.312	55.387	153.473	163.508
783.788	22.202	55.032	153.959	164.000
783.726	22.687	54.723	154.446	164.490
783.664	25.357	54.461	154.936	164.981
783.602	45.467	54.245	155.429	165.472
783.540	-10.888	54.076	155.925	165.963
783.478	-43.166	53.953	156.424	166.453
783.416	17.695	53.876	156.928	166.944
783.354	85.298	53.846	157.437	167.435
783.292	102.319	53.863	157.951	167.926
783.230	79.078	53.927	158.471	168.417
783.168	106.892	54.038	158.997	168.907
783.106	117.342	54.199	159.531	169.398
783.044	28.504	54.411	160.071	169.889
782.981	-0.225	54.675	160.619	170.380
782.919	59.848	54.994	161.175	170.871
782.857	106.445	55.370	161.738	171.361
782.795	70.344	55.801	162.307	171.853
782.733	16.156	56.289	162.882	172.343
782.671	74.721	56.831	163.462	172.834
782.609	80.004	57.422	164.045	173.325
782.547	-3.381	58.055	164.630	173.816
782.485	29.221	58.723	165.214	174.306
782.423	57.773	59.416	165.798	174.797
782.361	-2.201	60.122	166.381	175.288
782.299	22.192	60.830	166.961	175.779
782.236	61.296	61.530	167.539	176.270
782.174	26.328	62.211	168.115	176.760
782.112	61.061	62.866	168.689	177.251
782.050	119.129	63.486	169.261	177.742
781.988	85.742	64.066	169.833	178.233
781.926	43.255	64.604	170.404	178.724
781.864	26.170	65.097	170.975	179.214
781.802	18.272	65.547	171.545	179.705
781.740	53.063	65.954	172.116	180.196
781.678	77.317	66.322	172.688	180.687
781.616	-4.980	66.656	173.259	181.178
781.554	-43.095	66.961	173.831	181.668
781.492	22.513	67.244	174.402	182.159
781.429	70.546	67.510	174.972	182.650
781.367	84.452	67.765	175.541	183.141
781.305	79.241	68.015	176.109	183.631
781.243	58.731	68.263	176.674	184.123
781.181	57.414	68.513	177.236	184.613
781.119	82.020	68.766	177.796	185.104
781.057	70.159	69.022	178.352	185.595
780.995	41.689	69.283	178.904	186.086
780.933	47.593	69.545	179.454	186.576
780.871	91.280	69.806	179.999	187.067
780.809	107.872	70.064	180.541	187.558
780.747	52.535	70.314	181.080	188.049
780.684	45.567	70.554	181.616	188.540
780.622	105.623	70.777	182.149	189.031
780.560	143.443	70.980	182.679	189.521
780.498	70.234	71.158	183.206	190.012
780.436	-43.750	71.306	183.731	190.503
780.374	-37.267	71.420	184.254	190.994
780.312	-7.164	71.494	184.774	191.484
780.250	-8.706	71.526	185.293	191.976
780.188	16.076	71.509	185.810	192.466
780.126	51.175	71.441	186.326	192.957
780.064	69.066	71.317	186.841	193.448
780.002	62.860	71.134	187.354	193.939
779.940	29.802	70.889	187.866	194.429
779.877	9.512	70.578	188.377	194.920
779.815	79.102	70.199	188.887	195.411
779.753	101.857	69.750	189.397	195.902
779.691	5.007	69.230	189.906	196.393
779.629	-4.239	68.636	190.415	196.884
779.567	39.668	67.968	190.924	197.374
779.505	33.216	67.226	191.432	197.865
779.443	37.025	66.410	191.941	198.356
779.381	27.063	65.520	192.450	198.847
779.319	-32.462	64.558	192.959	199.337
779.257	-41.411	63.526	193.470	199.829
779.195	22.219	62.427	193.981	200.319
779.132	94.418	61.265	194.495	200.810
779.070	80.179	60.043	195.010	201.301
779.008	32.567	58.767	195.529	201.792
778.946	64.831	57.445	196.053	202.282
778.884	62.193	56.087	196.582	202.773
778.822	20.673	54.704	197.121	203.264
778.760	43.903	53.316	197.673	203.755
778.698	54.277	51.952	198.246	204.246
778.636	42.309	50.660	198.853	204.737
778.574	86.723	49.534	199.516	205.227
778.512	102.281	48.755	200.272	205.718
778.450	57.467	48.656	201.150	206.209
778.387	34.317	49.583	202.084	206.700
778.325	57.009	51.489	202.937	207.190
778.263	83.698	53.998	203.670	207.682
778.201	38.334	56.801	204.318	208.172
778.139	-0.273	59.727	204.915	208.663
778.077	23.300	62.684	205.480	209.154
778.015	44.057	65.615	206.027	209.645
777.953	30.875	68.482	206.560	210.135
777.891	-1.965	71.255	207.085	210.626
777.829	-2.108	73.911	207.603	211.117
777.767	31.512	76.429	208.116	211.608
777.705	61.638	78.793	208.626	212.099
777.643	38.570	80.986	209.133	212.589
777.580	7.052	82.997	209.639	213.080
777.518	21.609	84.814	210.142	213.571
777.456	54.524	86.427	210.644	214.062
777.394	53.999	87.830	211.145	214.553
777.332	11.902	89.015	211.644	215.043
777.270	25.406	89.980	212.143	215.534
777.208	107.038	90.721	212.642	216.025
777.146	183.392	91.239	213.140	216.516
777.084	137.004	91.534	213.637	217.007
777.022	56.362	91.608	214.134	217.497
776.960	75.945	91.467	214.631	217.988
776.898	91.087	91.116	215.128	218.479
776.835	58.029	90.561	215.625	218.970
776.773	9.381	89.813	216.122	219.460
776.711	-10.688	88.880	216.619	219.952
776.649	7.085	87.773	217.117	220.442
776.587	38.893	86.506	217.614	220.933
776.525	49.679	85.090	218.113	221.424
776.463	57.282	83.539	218.612	221.915
776.401	94.843	81.870	219.112	222.406
776.339	107.984	80.096	219.613	222.896
776.277	103.015	78.234	220.116	223.387
776.215	118.265	76.300	220.621	223.878
776.153	83.375	74.311	221.129	224.369
776.091	14.522	72.285	221.640	224.860
776.028	3.214	70.240	222.156	225.350
775.966	59.258	68.196	222.678	225.841
775.904	95.802	66.174	223.210	226.332
775.842	24.265	64.198	223.754	226.823
775.780	6.200	62.298	224.317	227.313
775.718	62.108	60.517	224.908	227.805
775.656	61.395	58.917	225.543	228.295
775.594	21.182	57.600	226.243	228.786
775.532	-1.884	56.721	227.026	229.277
775.470	23.897	56.448	227.867	229.768
775.408	27.343	56.809	228.691	230.259
775.346	30.573	57.638	229.437	230.749
775.283	112.101	58.730	230.105	231.240
775.221	106.305	59.938	230.717	231.731
775.159	31.082	61.178	231.291	232.222
775.097	72.420	62.400	231.841	232.713
775.035	78.407	63.574	232.374	233.203
774.973	28.923	64.679	232.896	233.694
774.911	65.715	65.703	233.408	234.185
774.849	58.763	66.636	233.915	234.676
774.787	0.441	67.470	234.416	235.166
774.725	33.350	68.202	234.913	235.658
774.663	80.121	68.828	235.406	236.148
774.601	58.390	69.347	235.897	236.639
774.539	-25.812	69.758	236.386	237.130
774.476	-42.695	70.063	236.872	237.621
774.414	12.028	70.262	237.356	238.112
774.352	24.099	70.360	237.838	238.602
774.290	58.123	70.360	238.318	239.093
774.228	122.745	70.266	238.797	239.584
774.166	138.091	70.085	239.273	240.075
774.104	96.168	69.824	239.748	240.566
774.042	41.073	69.488	240.220	241.056
773.980	29.755	69.086	240.691	241.547
773.918	41.372	68.626	241.159	242.038
773.856	49.320	68.118	241.623	242.529
773.794	50.208	67.571	242.085	243.019
773.731	74.732	66.994	242.543	243.510
773.669	104.813	66.400	242.996	244.001
773.607	90.808	65.799	243.442	244.492
773.545	66.934	65.204	243.882	244.983
773.483	52.922	64.630	244.311	245.473
773.421	42.615	64.092	244.728	245.965
773.359	50.444	63.611	245.128	246.455
773.297	68.415	63.210	245.506	246.946
773.235	72.878	62.923	245.855	247.436
773.173	70.178	62.790	246.168	247.928
773.111	72.383	62.862	246.446	248.418
773.049	81.915	63.184	246.697	248.909
772.987	75.362	63.779	246.945	249.400
772.924	73.425	64.630	247.214	249.891
772.862	100.216	65.690	247.520	250.382
772.800	75.953	66.910	247.863	250.872
772.738	20.301	68.244	248.238	251.363
772.676	17.040	69.659	248.638	251.854
772.614	66.605	71.132	249.058	252.345
772.552	105.854	72.643	249.493	252.836
772.490	82.669	74.180	249.939	253.326
772.428	61.728	75.730	250.395	253.818
772.366	59.168	77.282	250.859	254.308
772.304	59.720	78.828	251.329	254.799
772.242	79.408	80.358	251.804	255.289
772.179	91.453	81.864	252.284	255.781
772.117	67.967	83.338	252.768	256.271
772.055	43.329	84.771	253.256	256.762
771.993	24.340	86.156	253.748	257.253
771.931	4.411	87.484	254.242	257.744
771.869	-4.958	88.749	254.740	258.235
771.807	29.953	89.943	255.240	258.725
771.745	99.487	91.058	255.742	259.216
771.683	107.951	92.088	256.247	259.707
771.621	85.969	93.027	256.754	260.198
771.559	77.473	93.867	257.263	260.689
771.497	46.305	94.603	257.774	261.179
771.435	20.189	95.230	258.286	261.670
771.372	47.089	95.742	258.799	262.161
771.310	135.296	96.134	259.314	262.652
771.248	155.518	96.402	259.829	263.142
771.186	73.562	96.541	260.345	263.634
771.124	41.011	96.549	260.861	264.124
771.062	100.494	96.421	261.376	264.615
771.000	166.122	96.154	261.892	265.106
770.938	101.293	95.748	262.408	265.597
770.876	40.334	95.200	262.922	266.088
770.814	56.945	94.509	263.436	266.578
770.752	76.091	93.677	263.949	267.069
770.690	80.893	92.703	264.460	267.560
770.627	86.589	91.591	264.970	268.051
770.565	104.411	90.343	265.478	268.542
770.503	82.994	88.964	265.985	269.032
770.441	31.657	87.460	266.489	269.523
770.379	9.208	85.837	266.992	270.014
770.317	20.910	84.105	267.491	270.505
770.255	40.609	82.273	267.989	270.995
770.193	49.528	80.352	268.483	271.487
770.131	84.395	78.356	268.974	271.977
770.069	108.137	76.300	269.461	272.468
770.007	81.483	74.199	269.943	272.959
769.945	80.851	72.072	270.421	273.449
769.882	95.609	69.938	270.893	273.941
769.820	80.949	67.821	271.359	274.431
769.758	45.899	65.745	271.816	274.922
769.696	16.313	63.739	272.264	275.413
769.634	23.452	61.835	272.702	275.904
769.572	79.654	60.070	273.126	276.394
769.510	65.850	58.486	273.535	276.885
769.448	-19.115	57.131	273.929	277.376
769.386	21.393	56.056	274.306	277.867
769.324	89.357	55.313	274.670	278.358
769.262	92.928	54.947	275.024	278.848
769.200	72.792	54.985	275.376	279.339
769.138	18.033	55.435	275.733	279.830
769.075	3.137	56.283	276.101	280.321
769.013	118.889	57.499	276.484	280.812
768.951	124.466	59.045	276.883	281.302
768.889	33.140	60.881	277.297	281.794
768.827	54.988	62.966	277.724	282.284
768.765	95.500	65.264	278.163	282.775
768.703	59.515	67.738	278.612	283.266
768.641	-34.750	70.355	279.068	283.757
768.579	-18.565	73.084	279.532	284.247
768.517	44.065	75.893	280.001	284.738
768.455	36.641	78.751	280.476	285.229
768.393	48.230	81.630	280.954	285.720
768.330	68.441	84.499	281.435	286.211
768.268	58.607	87.330	281.920	286.701
768.206	42.099	90.095	282.407	287.192
768.144	55.914	92.766	282.896	287.683
768.082	84.034	95.317	283.387	288.174
768.020	58.564	97.722	283.880	288.665
767.958	43.528	99.958	284.374	289.155
767.896	53.469	102.002	284.869	289.647
767.834	30.096	103.834	285.366	290.137
767.772	49.488	105.434	285.864	290.628
767.710	90.952	106.787	286.362	291.119
767.648	68.439	107.877	286.862	291.610
767.586	71.849	108.695	287.362	292.100
767.523	100.908	109.230	287.863	292.591
767.461	97.329	109.477	288.365	293.082
767.399	93.522	109.432	288.867	293.573
767.337	114.392	109.095	289.369	294.064
767.275	135.619	108.470	289.872	294.554
767.213	84.231	107.562	290.374	295.045
767.151	57.401	106.380	290.877	295.536
767.089	106.463	104.935	291.379	296.027
767.027	103.501	103.244	291.881	296.518
766.965	53.150	101.323	292.381	297.008
766.903	30.005	99.194	292.879	297.500
766.841	85.152	96.880	293.373	297.990
766.778	89.516	94.407	293.861	298.481
766.716	37.470	91.807	294.335	298.972
766.654	42.596	89.117	294.778	299.463
766.592	51.980	86.408	295.125	299.953
766.530	81.051	84.008	294.959	300.444
766.468	149.059	83.805	294.065	300.935
766.406	104.214	84.900	294.233	301.426
766.344	45.059	86.141	294.638	301.917
766.282	94.330	87.426	295.101	302.407
766.220	115.693	88.742	295.587	302.898
766.158	97.306	90.092	296.085	303.389
766.096	82.581	91.483	296.588	303.880
766.034	84.256	92.921	297.097	304.370
765.971	79.533	94.412	297.608	304.861
765.909	77.952	95.964	298.122	305.352
765.847	116.890	97.579	298.638	305.843
765.785	146.974	99.262	299.156	306.334
765.723	134.052	101.015	299.675	306.825
765.661	94.443	102.839	300.196	307.315
765.599	89.166	104.731	300.719	307.806
765.537	123.305	106.690	301.243	308.297
765.475	145.008	108.710	301.768	308.788
765.413	94.169	110.785	302.296	309.278
765.351	92.370	112.906	302.825	309.770
765.289	174.333	115.065	303.357	310.260
765.226	136.180	117.249	303.891	310.751
765.164	56.292	119.448	304.427	311.242
765.102	52.632	121.646	304.967	311.733
765.040	121.345	123.832	305.510	312.223
764.978	126.232	125.991	306.056	312.714
764.916	70.093	128.109	306.608	313.205
764.854	63.392	130.175	307.164	313.696
764.792	74.875	132.179	307.727	314.187
764.730	84.086	134.112	308.297	314.678
764.668	95.334	135.971	308.875	315.168
764.606	109.407	137.758	309.464	315.659
764.544	114.367	139.479	310.063	316.150
764.482	92.930	141.147	310.674	316.641
764.419	45.227	142.781	311.297	317.131
764.357	58.756	144.404	311.932	317.623
764.295	121.325	146.035	312.577	318.113
764.233	116.013	147.688	313.228	318.604
764.171	89.306	149.359	313.880	319.095
764.109	93.331	151.027	314.529	319.586
764.047	124.694	152.653	315.169	320.076
763.985	120.395	154.187	315.799	320.567
763.923	103.173	155.573	316.417	321.058
763.861	112.885	156.757	317.023	321.549
763.799	116.550	157.688	317.618	322.040
763.737	104.470	158.326	318.203	322.531
763.674	81.363	158.638	318.781	323.021
763.612	60.176	158.599	319.351	323.512
763.550	83.268	158.193	319.915	324.003
763.488	131.965	157.413	320.475	324.494
763.426	148.577	156.256	321.031	324.984
763.364	157.575	154.730	321.584	325.476
763.302	118.764	152.847	322.134	325.966
763.240	39.643	150.625	322.683	326.457
763.178	106.928	148.090	323.230	326.948
763.116	167.619	145.271	323.778	327.439
763.054	112.154	142.203	324.325	327.929
762.992	112.881	138.928	324.873	328.420
762.929	121.351	135.490	325.422	328.911
762.867	122.440	131.938	325.973	329.402
762.805	171.115	128.326	326.527	329.893
762.743	166.783	124.712	327.084	330.384
762.681	157.797	121.158	327.646	330.874
762.619	216.200	117.731	328.214	331.365
762.557	186.120	114.500	328.790	331.856
762.495	97.729	111.544	329.375	332.347
762.433	60.197	108.947	329.972	332.837
762.371	110.423	106.801	330.583	333.328
762.309	159.877	105.208	331.210	333.819
762.247	172.877	104.278	331.855	334.310
762.185	179.476	104.123	332.517	334.801
762.122	108.474	104.847	333.194	335.291
762.060	58.115	106.523	333.878	335.782
761.998	123.020	109.179	334.561	336.273
761.936	110.247	112.787	335.234	336.764
761.874	126.616	117.273	335.892	337.254
761.812	210.751	122.537	336.533	337.746
761.750	127.312	128.469	337.156	338.236
761.688	54.409	134.958	337.764	338.727
761.626	84.655	141.898	338.359	339.218
761.564	115.048	149.188	338.945	339.709
761.502	153.147	156.730	339.522	340.199
761.440	157.716	164.431	340.092	340.690
761.377	118.482	172.199	340.659	341.181
761.315	159.760	179.946	341.222	341.672
761.253	155.576	187.586	341.784	342.163
761.191	69.528	195.035	342.345	342.654
761.129	91.141	202.217	342.907	343.144
761.067	126.072	209.058	343.470	343.635
761.005	130.728	215.495	344.037	344.126
760.943	153.654	221.475	344.609	344.617
760.881	154.752	226.955	345.187	345.107
760.819	151.750	231.914	345.773	345.599
760.757	164.186	236.348	346.369	346.089
760.695	145.025	240.277	346.976	346.580
760.633	111.594	243.752	347.597	347.071
760.570	113.552	246.849	348.232	347.562
760.508	174.161	249.664	348.878	348.052
760.446	203.247	252.299	349.534	348.543
760.384	174.761	254.839	350.194	349.034
760.322	147.877	257.329	350.850	349.525
760.260	190.984	259.767	351.497	350.016
760.198	168.263	262.106	352.130	350.507
760.136	71.062	264.274	352.748	350.997
760.074	135.263	266.191	353.350	351.488
760.012	184.562	267.782	353.938	351.979
759.950	150.664	268.986	354.513	352.470
759.888	145.365	269.759	355.077	352.960
759.825	151.447	270.072	355.631	353.452
759.763	150.664	269.914	356.177	353.942
759.701	159.461	269.288	356.715	354.433
759.639	218.326	268.213	357.248	354.924
759.577	296.299	266.719	357.774	355.415
759.515	311.291	264.850	358.296	355.905
759.453	225.409	262.662	358.812	356.396
759.391	228.181	260.222	359.324	356.887
759.329	314.739	257.610	359.830	357.378
759.267	330.999	254.916	360.332	357.869
759.205	208.208	252.244	360.828	358.360
759.143	139.149	249.711	361.318	358.850
759.081	198.491	247.452	361.801	359.341
759.018	216.205	245.623	362.274	359.832
758.956	212.067	244.415	362.736	360.323
758.894	246.657	244.063	363.183	360.813
758.832	309.064	244.884	363.609	361.305
758.770	274.027	247.324	364.007	361.795
758.708	263.411	252.048	364.367	362.286
758.646	365.776	260.063	364.677	362.777
758.584	452.439	272.782	364.935	363.268
758.522	467.248	291.790	365.161	363.758
758.460	430.307	318.176	365.395	364.249
758.398	397.189	352.086	365.671	364.740
758.336	392.560	393.052	365.999	365.231
758.273	367.952	440.526	366.371	365.722
758.211	301.491	494.110	366.775	366.212
758.149	261.331	553.561	367.202	366.703
758.087	281.782	618.738	367.646	367.194
758.025	376.237	689.561	368.102	367.685
757.963	512.969	765.977	368.566	368.176
757.901	577.987	847.944	369.037	368.666
757.839	669.090	935.418	369.513	369.157
757.777	860.937	1028.350	369.992	369.648
757.715	1013.253	1126.679	370.475	370.139
757.653	1111.614	1230.331	370.959	370.630
757.591	1088.074	1339.218	371.445	371.120
757.529	885.484	1453.239	371.933	371.611
757.466	731.241	1572.275	372.421	372.102
757.404	648.620	1696.199	372.911	372.593
757.342	561.015	1824.867	373.401	373.083
757.280	496.527	1958.126	373.891	373.575
757.218	626.288	2095.811	374.382	374.065
757.156	974.922	2237.752	374.873	374.556
757.094	1380.560	2383.768	375.364	375.047
757.032	1705.329	2533.677	375.856	375.538
756.970	2148.505	2687.291	376.347	376.029
756.908	2670.056	2844.422	376.838	376.519
756.846	2724.580	3004.882	377.329	377.010
756.784	2566.123	3168.487	377.820	377.501
756.721	2299.786	3335.054	378.311	377.992
756.659	1790.242	3504.411	378.802	378.483
756.597	1288.955	3676.391	379.292	378.973
756.535	974.646	3850.837	379.783	379.464
756.473	968.412	4027.605	380.272	379.955
756.411	1356.779	4206.561	380.762	380.446
756.349	1954.725	4387.588	381.251	380.936
756.287	2837.175	4570.585	381.741	381.428
756.225	4038.869	4755.463	382.229	381.918
756.163	4873.728	4942.156	382.718	382.409
756.101	5258.137	5130.612	383.206	382.900
756.039	5278.938	5320.798	383.694	383.391
755.976	4837.042	5512.701	384.181	383.882
755.914	4104.385	5706.326	384.668	384.372
755.852	3147.590	5901.696	385.155	384.863
755.790	2090.504	6098.851	385.642	385.354
755.728	1422.545	6297.851	386.128	385.845
755.666	1314.538	6498.770	386.614	386.336
755.604	1864.252	6701.697	387.100	386.826
755.542	3122.640	6906.738	387.585	387.317
755.480	4600.667	7114.007	388.070	387.808
755.418	5979.738	7323.634	388.555	388.299
755.356	7148.658	7535.754	389.040	388.789
755.294	7957.282	7750.512	389.524	389.281
755.232	7873.233	7968.057	390.009	389.771
755.169	6899.125	8188.541	390.493	390.262
755.107	5588.460	8412.120	390.977	390.753
755.045	4070.950	8638.945	391.461	391.244
754.983	2657.288	8869.167	391.945	391.735
754.921	1792.858	9102.932	392.428	392.225
754.859	1796.525	9340.379	392.912	392.716
754.797	2618.466	9581.636	393.396	393.207
754.735	4163.212	9826.824	393.879	393.698
754.673	6275.216	10076.050	394.363	394.189
754.611	8477.561	10329.408	394.846	394.679
754.549	10048.257	10586.979	395.330	395.170
754.487	10772.394	10848.825	395.814	395.661
754.424	10915.739	11114.994	396.297	396.152
754.362	9721.021	11385.518	396.781	396.642
754.300	7410.084	11660.410	397.265	397.133
754.238	5032.857	11939.667	397.749	397.624
754.176	3368.214	12223.267	398.233	398.115
754.114	2342.799	12511.175	398.717	398.606
754.052	2261.234	12803.336	399.201	399.096
753.990	3675.697	13099.684	399.686	399.588
753.928	5886.123	13400.137	400.170	400.078
753.866	8613.159	13704.602	400.655	400.569
753.804	11490.312	14012.974	401.139	401.060
753.742	13634.997	14325.139	401.624	401.551
753.680	14566.788	14640.979	402.109	402.041
753.617	13972.135	14960.367	402.595	402.532
753.555	12000.406	15283.177	403.080	403.023
753.493	9571.357	15609.279	403.566	403.514
753.431	6761.509	15938.548	404.051	404.005
753.369	4149.391	16270.862	404.537	404.495
753.307	2872.406	16606.107	405.023	404.986
753.245	2911.522	16944.176	405.509	405.477
753.183	4515.838	17284.975	405.995	405.968
753.121	7509.140	17628.423	406.482	406.459
753.059	10886.398	17974.457	406.968	406.949
752.997	14821.780	18323.028	407.455	407.441
752.935	17692.017	18674.111	407.942	407.931
752.872	18021.381	19027.700	408.429	408.422
752.810	17790.047	19383.812	408.916	408.913
752.748	15699.668	19742.488	409.403	409.404
752.686	11815.493	20103.795	409.890	409.894
752.624	8481.126	20467.824	410.378	410.385
752.562	5379.696	20834.694	410.865	410.876
752.500	3357.714	21204.550	411.353	411.367
752.438	3554.132	21577.561	411.841	411.858
752.376	5947.667	21953.923	412.328	412.348
752.314	9895.422	22333.856	412.816	412.839
752.252	14622.867	22717.604	413.305	413.330
752.190	19226.170	23105.432	413.793	413.821
752.128	22598.083	23497.625	414.281	414.312
752.065	24432.568	23894.486	414.770	414.802
752.003	24025.676	24296.334	415.258	415.294
751.941	20706.813	24703.500	415.747	415.784
751.879	15813.373	25116.324	416.236	416.275
751.817	10713.321	25535.155	416.725	416.766
751.755	6528.004	25960.343	417.214	417.257
751.693	4294.721	26392.238	417.703	417.747
751.631	4914.500	26831.187	418.193	418.238
751.569	8451.638	27277.528	418.682	418.729
751.507	13973.330	27731.586	419.172	419.220
751.445	19960.656	28193.673	419.662	419.711
751.383	25777.036	28664.079	420.152	420.201
751.320	29698.519	29143.071	420.642	420.692
751.258	30041.714	29630.887	421.132	421.183
751.196	27906.124	30127.736	421.622	421.674
751.134	23315.491	30633.790	422.113	422.165
751.072	16978.736	31149.182	422.604	422.655
751.010	10862.533	31674.003	423.094	423.147
750.948	6466.909	32208.301	423.585	423.637
750.886	4921.765	32752.073	424.076	424.128
750.824	6893.750	33305.268	424.568	424.619
750.762	12035.569	33867.781	425.059	425.110
750.700	18261.619	34439.454	425.551	425.600
750.638	25340.330	35020.072	426.042	426.091
750.576	32190.820	35609.364	426.534	426.582
750.513	34793.745	36207.000	427.026	427.073
750.451	34521.243	36812.594	427.518	427.564
750.389	31967.251	37425.702	428.010	428.054
750.327	26230.187	38045.823	428.502	428.545
750.265	18245.575	38672.399	428.995	429.036
750.203	11422.039	39304.821	429.487	429.527
750.141	7418.984	39942.426	429.980	430.017
750.079	6013.798	40584.499	430.472	430.508
750.017	8748.495	41230.281	430.965	430.999
749.955	14695.668	41878.969	431.458	431.490
749.893	22851.204	42529.718	431.951	431.981
749.831	32443.114	43181.648	432.444	432.471
749.768	39220.753	43833.846	432.937	432.962
749.706	42654.344	44485.372	433.430	433.453
749.644	43307.026	45135.264	433.923	433.944
749.582	39657.861	45782.539	434.416	434.435
749.520	31363.772	46426.206	434.909	434.925
749.458	21479.505	47065.263	435.402	435.417
749.396	13477.355	47698.708	435.895	435.907
749.334	8122.575	48325.542	436.389	436.398
749.272	7814.730	48944.775	436.882	436.889
749.210	12231.913	49555.431	437.375	437.380
749.148	19935.816	50156.555	437.868	437.870
749.086	31560.018	50747.217	438.361	438.361
749.023	41994.968	51326.517	438.854	438.852
748.961	49430.678	51893.590	439.347	439.343
748.899	54451.459	52447.611	439.841	439.834
748.837	51849.327	52987.799	440.333	440.324
748.775	43657.090	53513.420	440.826	440.815
748.713	33204.933	54023.793	441.319	441.306
748.651	22016.824	54518.292	441.812	441.797
748.589	13120.668	54996.349	442.305	442.288
748.527	8469.042	55457.455	442.797	442.778
748.465	9434.425	55901.162	443.290	443.270
748.403	16600.115	56327.089	443.782	443.760
748.341	27771.414	56734.916	444.275	444.251
748.279	39981.061	57124.388	444.767	444.742
748.216	50244.625	57495.316	445.259	445.233
748.154	56204.348	57847.574	445.751	445.723
748.092	57591.280	58181.099	446.243	446.214
748.030	53884.742	58495.887	446.735	446.705
747.968	45063.882	58791.996	447.226	447.196
747.906	32942.956	59069.537	447.718	447.687
747.844	21279.846	59328.676	448.209	448.177
747.782	12500.970	59569.627	448.700	448.668
747.720	8398.777	59792.650	449.191	449.159
747.658	10896.723	59998.046	449.682	449.650
747.596	19262.784	60186.153	450.173	450.141
747.534	31002.689	60357.340	450.664	450.631
747.471	43084.720	60512.002	451.154	451.123
747.409	52965.138	60650.555	451.645	451.613
747.347	59094.716	60773.431	452.135	452.104
747.285	59566.433	60881.072	452.625	452.595
747.223	53810.807	60973.922	453.115	453.086
747.161	44294.992	61052.426	453.605	453.576
747.099	31711.736	61117.020	454.095	454.067
747.037	19339.857	61168.130	454.585	454.558
746.975	11544.199	61206.161	455.074	455.049
746.913	8909.870	61231.496	455.564	455.540
746.851	11849.982	61244.492	456.053	456.030
746.789	20370.593	61245.471	456.542	456.521
746.727	33187.553	61234.720	457.031	457.012
746.664	46884.269	61212.487	457.520	457.503
746.602	55862.781	61178.974	458.009	457.994
746.540	58896.801	61134.339	458.498	458.484
746.478	58207.038	61078.691	458.987	458.975
746.416	52984.440	61012.089	459.476	459.466
746.354	42124.316	60934.541	459.965	459.957
746.292	28620.837	60846.002	460.454	460.448
746.230	17531.541	60746.376	460.943	460.938
746.168	10023.899	60635.517	461.431	461.429
746.106	8020.192	60513.226	461.920	461.920
746.044	12534.960	60379.260	462.409	462.411
745.982	22391.673	60233.325	462.898	462.901
745.919	34712.160	60075.087	463.387	463.393
745.857	46407.295	59904.171	463.875	463.883
745.795	55265.254	59720.167	464.364	464.374
745.733	59544.989	59522.631	464.853	464.865
745.671	57545.179	59311.094	465.342	465.356
745.609	50378.839	59085.063	465.831	465.846
745.547	39616.983	58844.029	466.321	466.337
745.485	26952.978	58587.471	466.810	466.828
745.423	15939.345	58314.863	467.299	467.319
745.361	9198.696	58025.680	467.789	467.810
745.299	8151.580	57719.400	468.278	468.301
745.237	12769.691	57395.517	468.768	468.791
745.174	21642.720	57053.541	469.257	469.282
745.112	33527.284	56693.008	469.747	469.773
745.050	45190.686	56313.482	470.237	470.264
744.988	52652.565	55914.565	470.727	470.754
744.926	55131.874	55495.898	471.217	471.246
744.864	52867.979	55057.169	471.707	471.736
744.802	45547.969	54598.119	472.198	472.227
744.740	33806.807	54118.542	472.688	472.718
744.678	21660.468	53618.292	473.179	473.209
744.616	12338.804	53097.288	473.669	473.699
744.554	7468.131	52555.514	474.160	474.190
744.492	7688.002	51993.024	474.651	474.681
744.430	13254.180	51409.941	475.142	475.172
744.367	22315.394	50806.464	475.633	475.663
744.305	32911.388	50182.865	476.124	476.154
744.243	42660.654	49539.491	476.615	476.644
744.181	47857.661	48876.761	477.107	477.135
744.119	47712.435	48195.172	477.598	477.626
744.057	43740.416	47495.291	478.090	478.117
743.995	36788.573	46777.758	478.581	478.607
743.933	25938.871	46043.283	479.073	479.099
743.871	16015.590	45292.640	479.565	479.589
743.809	9252.731	44526.670	480.057	480.080
743.747	5859.365	43746.271	480.548	480.571
743.685	7107.678	42952.400	481.040	481.062
743.622	12475.038	42146.064	481.532	481.552
743.560	19807.211	41328.317	482.025	482.043
743.498	27261.400	40500.257	482.517	482.534
743.436	33965.610	39663.018	483.009	483.025
743.374	37432.813	38817.765	483.501	483.516
743.312	37766.604	37965.690	483.993	484.007
743.250	34289.128	37108.004	484.486	484.497
743.188	25527.823	36245.933	484.978	484.988
743.126	17734.046	35380.710	485.471	485.479
743.064	11290.309	34513.574	485.963	485.970
743.002	5974.836	33645.756	486.455	486.460
742.940	4313.569	32778.481	486.948	486.952
742.878	5800.121	31912.957	487.440	487.442
742.815	9900.011	31050.372	487.933	487.933
742.753	15308.553	30191.890	488.425	488.424
742.691	20456.275	29338.641	488.918	488.914
742.629	25252.674	28491.723	489.411	489.405
742.567	27211.513	27652.192	489.903	489.896
742.505	25961.130	26821.058	490.396	490.387
742.443	22885.578	25999.288	490.889	490.877
742.381	17456.178	25187.792	491.381	491.369
742.319	11731.753	24387.430	491.874	491.859
742.257	7042.190	23599.002	492.367	492.350
742.195	3892.282	22823.252	492.859	492.841
742.133	3279.903	22060.861	493.352	493.332
742.070	4607.067	21312.448	493.845	493.823
742.008	7574.480	20578.570	494.338	494.313
741.946	11652.455	19859.719	494.831	494.804
741.884	15298.105	19156.327	495.324	495.295
741.822	17661.687	18468.760	495.817	495.786
741.760	18278.710	17797.323	496.310	496.277
741.698	16916.755	17142.260	496.804	496.767
741.636	13800.736	16503.756	497.297	497.258
741.574	10115.594	15881.940	497.791	497.749
741.512	6580.685	15276.884	498.285	498.240
741.450	3882.603	14688.608	498.779	498.730
741.388	2601.426	14117.083	499.273	499.222
741.326	2532.140	13562.233	499.768	499.712
741.263	3740.488	13023.939	500.262	500.203
741.201	5875.809	12502.042	500.757	500.694
741.139	8114.471	11996.346	501.253	501.185
741.077	9807.343	11506.624	501.748	501.676
741.015	10838.985	11032.617	502.244	502.166
740.953	10657.073	10574.043	502.741	502.657
740.891	9280.588	10130.598	503.238	503.148
740.829	7782.782	9701.960	503.735	503.639
740.767	5551.845	9287.791	504.233	504.130
740.705	3379.751	8887.744	504.732	504.620
740.643	2102.636	8501.463	505.231	505.111
740.581	1479.167	8128.590	505.731	505.602
740.518	1725.347	7768.761	506.232	506.093
740.456	2524.141	7421.618	506.733	506.583
740.394	3693.091	7086.803	507.235	507.075
740.332	5042.679	6763.966	507.739	507.565
740.270	5718.528	6452.764	508.243	508.056
740.208	6110.326	6152.864	508.748	508.547
740.146	5911.571	5863.943	509.254	509.038
740.084	4775.457	5585.693	509.761	509.529
740.022	3627.750	5317.816	510.269	510.019
739.960	2486.263	5060.028	510.779	510.510
739.898	1553.732	4812.061	511.290	511.001
739.836	1050.919	4573.660	511.802	511.492
739.773	948.466	4344.581	512.315	511.983
739.711	1368.167	4124.598	512.830	512.473
739.649	1990.186	3913.493	513.347	512.964
739.587	2610.948	3711.063	513.865	513.455
739.525	3148.503	3517.114	514.385	513.946
739.463	3171.825	3331.461	514.906	514.436
739.401	3013.510	3153.927	515.429	514.928
739.339	2653.942	2984.341	515.954	515.418
739.277	1959.307	2822.537	516.480	515.909
739.215	1338.220	2668.351	517.009	516.400
739.153	879.354	2521.621	517.539	516.891
739.091	659.467	2382.182	518.070	517.381
739.029	690.987	2249.870	518.604	517.872
738.966	867.853	2124.512	519.139	518.363
738.904	1132.527	2005.935	519.675	518.854
738.842	1391.283	1893.954	520.213	519.345
738.780	1540.817	1788.379	520.753	519.835
738.718	1541.341	1689.012	521.293	520.326
738.656	1433.186	1595.643	521.835	520.817
738.594	1176.815	1508.058	522.377	521.308
738.532	854.080	1426.030	522.920	521.799
738.470	579.544	1349.328	523.464	522.289
738.408	380.985	1277.712	524.007	522.780
738.346	330.745	1210.941	524.551	523.271
738.284	461.307	1148.767	525.094	523.762
738.221	611.732	1090.943	525.638	524.253
738.159	656.879	1037.219	526.180	524.743
738.097	840.793	987.351	526.722	525.234
738.035	900.752	941.096	527.263	525.725
737.973	824.834	898.216	527.803	526.216
737.911	800.793	858.480	528.341	526.706
737.849	782.533	821.662	528.879	527.198
737.787	643.383	787.545	529.415	527.688
737.725	431.137	755.922	529.949	528.179
737.663	292.903	726.591	530.482	528.670
737.601	290.544	699.363	531.013	529.161
737.539	301.676	674.055	531.543	529.652
737.477	300.357	650.495	532.071	530.142
737.414	333.650	628.521	532.596	530.633
737.352	431.577	607.979	533.120	531.124
737.290	552.091	588.727	533.642	531.615
737.228	625.068	570.629	534.161	532.106
737.166	628.256	553.563	534.677	532.596
737.104	572.750	537.415	535.191	533.087
737.042	489.502	522.082	535.701	533.578
736.980	426.351	507.472	536.208	534.069
736.918	346.863	493.506	536.710	534.559
736.856	276.630	480.116	537.207	535.051
736.794	235.234	467.249	537.698	535.541
736.732	177.198	454.869	538.181	536.032
736.669	232.066	442.958	538.655	536.523
736.607	359.713	431.522	539.118	537.014
736.545	398.156	420.589	539.568	537.505
736.483	321.896	410.222	540.001	537.995
736.421	364.264	400.510	540.416	538.486
736.359	391.472	391.570	540.810	538.977
736.297	326.420	383.519	541.186	539.468
736.235	252.934	376.440	541.548	539.959
736.173	241.867	370.326	541.906	540.449
736.111	214.522	365.059	542.269	540.940
736.049	185.434	360.425	542.647	541.431
735.987	198.560	356.167	543.044	541.922
735.925	248.197	352.045	543.462	542.412
735.862	283.044	347.862	543.898	542.904
735.800	264.196	343.478	544.350	543.394
735.738	279.050	338.801	544.816	543.885
735.676	315.760	333.780	545.292	544.376
735.614	259.604	328.394	545.778	544.867
735.552	260.771	322.645	546.272	545.358
735.490	261.010	316.552	546.771	545.848
735.428	215.259	310.145	547.276	546.339
735.366	175.692	303.462	547.784	546.830
735.304	177.706	296.549	548.297	547.321
735.242	169.821	289.452	548.812	547.812
735.180	164.226	282.222	549.330	548.302
735.117	154.074	274.909	549.850	548.793
735.055	137.633	267.561	550.373	549.284
734.993	209.552	260.228	550.897	549.775
734.931	250.900	252.955	551.422	550.265
734.869	230.948	245.783	551.949	550.756
734.807	209.945	238.754	552.478	551.247
734.745	214.001	231.902	553.007	551.738
734.683	219.582	225.259	553.538	552.229
734.621	221.367	218.854	554.071	552.719
734.559	165.820	212.709	554.604	553.211
734.497	94.470	206.845	555.139	553.701
734.435	154.819	201.278	555.676	554.192
734.372	129.571	196.019	556.214	554.683
734.310	141.835	191.078	556.755	555.174
734.248	173.914	186.461	557.298	555.664
734.186	100.954	182.171	557.843	556.155
734.124	165.509	178.210	558.392	556.646
734.062	236.605	174.579	558.946	557.137
734.000	230.751	171.279	559.504	557.628
733.938	172.392	168.312	560.069	558.118
733.876	132.670	165.682	560.642	558.609
733.814	206.011	163.399	561.226	559.100
733.752	199.226	161.480	561.822	559.591
733.690	149.620	159.952	562.433	560.082
733.628	149.742	158.854	563.064	560.572
733.565	108.522	158.241	563.716	561.064
733.503	92.702	158.170	564.389	561.554
733.441	136.157	158.690	565.079	562.045
733.379	145.456	159.810	565.778	562.536
733.317	95.599	161.480	566.472	563.027
733.255	130.376	163.584	567.151	563.517
733.193	168.556	165.973	567.809	564.008
733.131	158.549	168.488	568.445	564.499
733.069	129.220	170.986	569.059	564.990
733.007	125.171	173.350	569.655	565.481
732.945	149.120	175.484	570.237	565.971
732.883	193.562	177.312	570.806	566.462
732.820	166.199	178.778	571.365	566.953
732.758	124.986	179.835	571.916	567.444
732.696	146.829	180.450	572.460	567.935
732.634	59.887	180.601	572.999	568.425
732.572	134.921	180.270	573.532	568.917
732.510	167.992	179.451	574.062	569.407
732.448	71.087	178.143	574.589	569.898
732.386	84.160	176.352	575.112	570.389
732.324	52.312	174.087	575.632	570.880
732.262	82.607	171.367	576.149	571.370
732.200	101.320	168.213	576.664	571.861
732.138	73.282	164.651	577.177	572.352
732.076	140.778	160.710	577.686	572.843
732.013	228.307	156.426	578.193	573.334
731.951	217.885	151.836	578.695	573.824
731.889	137.508	146.980	579.194	574.315
731.827	87.274	141.900	579.687	574.806
731.765	102.462	136.644	580.173	575.297
731.703	145.655	131.262	580.646	575.788
731.641	176.722	125.811	581.100	576.278
731.579	184.972	120.363	581.516	576.770
731.517	128.842	115.039	581.851	577.260
731.455	8.066	110.138	581.980	577.751
731.393	48.451	106.543	581.735	578.242
731.331	136.623	104.886	581.601	578.733
731.268	103.684	104.175	581.818	579.223
731.206	47.460	103.789	582.185	579.714
731.144	142.693	103.553	582.614	580.205
731.082	98.922	103.405	583.072	580.696
731.020	114.496	103.317	583.546	581.187
730.958	141.314	103.269	584.029	581.677
730.896	87.342	103.247	584.519	582.168
730.834	120.758	103.238	585.013	582.659
730.772	75.439	103.232	585.510	583.150
730.710	80.795	103.214	586.009	583.640
730.648	107.298	103.176	586.510	584.131
730.586	63.985	103.106	587.013	584.622
730.524	51.708	102.993	587.518	585.113
730.461	98.539	102.828	588.023	585.604
730.399	40.999	102.601	588.530	586.095
730.337	22.138	102.304	589.039	586.585
730.275	127.562	101.930	589.549	587.076
730.213	123.156	101.471	590.060	587.567
730.151	52.637	100.923	590.573	588.058
730.089	77.023	100.282	591.088	588.548
730.027	84.041	99.545	591.606	589.040
729.965	41.597	98.712	592.126	589.530
729.903	110.748	97.784	592.650	590.021
729.841	110.212	96.765	593.178	590.512
729.779	58.866	95.660	593.712	591.003
729.716	58.589	94.478	594.252	591.493
729.654	85.915	93.232	594.801	591.984
729.592	54.721	91.939	595.362	592.475
729.530	55.194	90.623	595.938	592.966
729.468	113.213	89.317	596.535	593.457
729.406	111.043	88.068	597.160	593.948
729.344	47.389	86.939	597.821	594.438
729.282	52.914	86.014	598.524	594.929
729.220	96.067	85.378	599.263	595.420
729.158	58.632	85.084	600.019	595.911
729.096	44.565	85.108	600.761	596.401
729.034	85.754	85.353	601.468	596.893
728.972	85.728	85.705	602.135	597.383
728.909	82.826	86.061	602.766	597.874
728.847	138.034	86.350	603.370	598.365
728.785	87.509	86.525	603.955	598.856
728.723	48.947	86.554	604.525	599.346
728.661	115.098	86.418	605.085	599.837
728.599	11.056	86.109	605.638	600.328
728.537	24.583	85.622	606.187	600.819
728.475	71.159	84.961	606.734	601.310
728.413	89.718	84.132	607.281	601.801
728.351	102.706	83.146	607.829	602.291
728.289	69.832	82.019	608.380	602.782
728.227	67.675	80.770	608.937	603.273
728.164	57.044	79.425	609.502	603.764
728.102	62.261	78.016	610.079	604.254
728.040	42.163	76.584	610.671	604.746
727.978	-38.637	75.182	611.284	605.236
727.916	45.888	73.880	611.923	605.727
727.854	120.174	72.767	612.591	606.218
727.792	85.960	71.942	613.286	606.709
727.730	57.810	71.501	613.998	607.199
727.668	96.632	71.499	614.709	607.690
727.606	56.655	71.937	615.399	608.181
727.544	29.796	72.767	616.060	608.672
727.482	52.480	73.924	616.689	609.163
727.419	47.942	75.344	617.292	609.654
727.357	20.312	76.970	617.871	610.144
727.295	77.775	78.758	618.434	610.635
727.233	103.904	80.669	618.982	611.126
727.171	57.933	82.670	619.520	611.617
727.109	82.896	84.734	620.049	612.107
727.047	118.290	86.833	620.571	612.598
726.985	32.835	88.945	621.087	613.089
726.923	133.299	91.045	621.599	613.580
726.861	127.618	93.114	622.107	614.071
726.799	32.815	95.131	622.611	614.561
726.737	63.533	97.077	623.112	615.052
726.675	150.366	98.934	623.610	615.543
726.612	55.110	100.686	624.106	616.034
726.550	101.849	102.317	624.600	616.524
726.488	32.616	103.814	625.092	617.016
726.426	-1.912	105.164	625.581	617.506
726.364	98.091	106.356	626.069	617.997
726.302	24.334	107.380	626.555	618.488
726.240	65.624	108.229	627.039	618.979
726.178	76.596	108.897	627.521	619.469
726.116	69.253	109.378	628.001	619.960
726.054	70.232	109.671	628.480	620.451
725.992	73.982	109.775	628.957	620.942
725.930	157.239	109.689	629.432	621.433
725.867	55.548	109.416	629.906	621.924
725.805	43.676	108.960	630.377	622.414
725.743	34.576	108.326	630.846	622.905
725.681	-40.319	107.520	631.314	623.396
725.619	61.682	106.552	631.779	623.887
725.557	25.911	105.429	632.243	624.377
725.495	34.428	104.163	632.704	624.869
725.433	73.447	102.764	633.162	625.359
725.371	139.485	101.244	633.619	625.850
725.309	200.142	99.616	634.073	626.341
725.247	65.491	97.893	634.524	626.832
725.185	97.011	96.089	634.973	627.322
725.123	128.942	94.216	635.418	627.813
725.060	46.959	92.289	635.861	628.304
724.998	-7.745	90.321	636.301	628.795
724.936	73.998	88.325	636.738	629.286
724.874	161.251	86.314	637.172	629.777
724.812	20.343	84.300	637.602	630.267
724.750	-28.993	82.297	638.029	630.758
724.688	18.992	80.315	638.452	631.249
724.626	-5.619	78.366	638.871	631.740
724.564	59.236	76.462	639.286	632.230
724.502	78.113	74.613	639.697	632.722
724.440	37.350	72.830	640.102	633.212
724.378	40.432	71.126	640.503	633.703
724.315	65.392	69.511	640.897	634.194
724.253	71.955	67.999	641.286	634.685
724.191	141.950	66.603	641.668	635.175
724.129	61.151	65.337	642.044	635.666
724.067	43.162	64.215	642.413	636.157
724.005	87.431	63.253	642.776	636.648
723.943	82.393	62.463	643.135	637.139
723.881	88.673	61.856	643.491	637.630
723.819	107.244	61.440	643.845	638.120
723.757	64.526	61.218	644.202	638.611
723.695	44.971	61.186	644.562	639.102
723.633	43.049	61.338	644.929	639.593
723.571	30.506	61.662	645.303	640.083
723.508	47.432	62.144	645.685	640.575
723.446	16.438	62.766	646.076	641.065
723.384	28.175	63.513	646.476	641.556
723.322	46.783	64.367	646.884	642.047
723.260	74.081	65.310	647.299	642.538
723.198	102.104	66.326	647.721	643.028
723.136	37.245	67.398	648.150	643.519
723.074	-14.414	68.512	648.584	644.010
723.012	-6.983	69.652	649.024	644.500
722.950	32.055	70.802	649.468	644.992
722.888	58.505	71.951	649.916	645.482
722.826	47.891	73.083	650.368	645.973
722.763	25.877	74.187	650.823	646.464
722.701	57.332	75.251	651.281	646.955
722.639	17.052	76.262	651.742	647.446
722.577	6.397	77.211	652.205	647.936
722.515	97.693	78.088	652.670	648.427
722.453	126.245	78.884	653.138	648.918
722.391	24.842	79.590	653.607	649.409
722.329	85.740	80.200	654.078	649.900
722.267	28.301	80.706	654.551	650.390
722.205	15.566	81.105	655.025	650.881
722.143	115.027	81.391	655.501	651.372
722.081	89.369	81.561	655.978	651.863
722.019	24.828	81.612	656.456	652.353
721.956	43.203	81.543	656.936	652.845
721.894	36.211	81.354	657.416	653.335
721.832	29.906	81.044	657.898	653.826
721.770	76.531	80.615	658.381	654.317
721.708	105.774	80.070	658.866	654.808
721.646	83.217	79.411	659.351	655.299
721.584	118.241	78.641	659.838	655.789
721.522	49.546	77.767	660.326	656.280
721.460	35.799	76.792	660.815	656.771
721.398	65.220	75.723	661.306	657.262
721.336	-2.385	74.567	661.798	657.753
721.274	22.577	73.329	662.292	658.243
721.211	74.894	72.019	662.788	658.734
721.149	56.239	70.644	663.286	659.225
721.087	72.463	69.213	663.787	659.716
721.025	112.725	67.735	664.290	660.206
720.963	52.574	66.218	664.797	660.698
720.901	-15.486	64.674	665.307	661.188
720.839	93.394	63.112	665.822	661.679
720.777	108.994	61.544	666.342	662.170
720.715	78.756	59.981	666.869	662.661
720.653	77.231	58.436	667.403	663.152
720.591	57.135	56.923	667.946	663.642
720.529	20.791	55.456	668.499	664.133
720.466	-22.757	54.054	669.065	664.624
720.404	51.282	52.733	669.645	665.115
720.342	49.190	51.515	670.240	665.606
720.280	-26.928	50.420	670.849	666.096
720.218	14.963	49.465	671.471	666.587
720.156	104.062	48.662	672.100	667.078
720.094	-1.843	48.015	672.730	667.569
720.032	-24.552	47.517	673.353	668.059
719.970	54.037	47.151	673.966	668.551
719.908	29.211	46.900	674.565	669.041
719.846	4.305	46.741	675.148	669.532
719.784	116.463	46.655	675.718	670.023
719.722	76.541	46.626	676.274	670.514
719.659	11.774	46.640	676.820	671.005
719.597	21.480	46.686	677.356	671.495
719.535	36.410	46.755	677.885	671.986
719.473	8.181	46.840	678.407	672.477
719.411	28.763	46.934	678.923	672.968
719.349	128.670	47.032	679.436	673.459
719.287	94.929	47.129	679.944	673.949
719.225	46.068	47.221	680.450	674.440
719.163	-8.787	47.305	680.953	674.931
719.101	-29.932	47.376	681.454	675.422
719.039	45.152	47.433	681.953	675.912
718.977	94.626	47.472	682.450	676.403
718.914	-18.524	47.490	682.947	676.894
718.852	25.335	47.485	683.442	677.385
718.790	52.957	47.456	683.937	677.876
718.728	58.054	47.399	684.431	678.366
718.666	66.178	47.313	684.925	678.858
718.604	37.059	47.198	685.419	679.348
718.542	39.216	47.051	685.913	679.839
718.480	13.500	46.871	686.407	680.330
718.418	0.773	46.659	686.901	680.821
718.356	7.790	46.413	687.397	681.311
718.294	26.034	46.134	687.893	681.802
718.232	44.414	45.822	688.391	682.293
718.170	31.785	45.478	688.891	682.784
718.107	-1.060	45.104	689.395	683.275
718.045	53.520	44.700	689.903	683.765
717.983	73.053	44.269	690.419	684.256
717.921	89.556	43.816	690.946	684.747
717.859	49.560	43.347	691.494	685.238
717.797	5.851	42.877	692.083	685.729
717.735	113.369	42.439	692.766	686.219
717.673	43.814	42.159	693.700	686.711
717.611	54.227	42.418	695.010	687.201
717.549	53.709	43.362	696.072	687.692
717.487	35.030	44.590	696.807	688.183
717.425	44.336	45.920	697.417	688.674
717.362	52.856	47.299	697.974	689.164
717.300	66.412	48.707	698.507	689.655
717.238	4.672	50.134	699.025	690.146
717.176	4.577	51.571	699.536	690.637
717.114	34.967	53.011	700.040	691.128
717.052	36.122	54.447	700.541	691.618
716.990	36.022	55.875	701.040	692.109
716.928	35.891	57.288	701.536	692.600
716.866	-3.239	58.681	702.031	693.091
716.804	26.618	60.047	702.525	693.582
716.742	86.644	61.381	703.018	694.072
716.680	82.327	62.678	703.510	694.564
716.618	35.274	63.932	704.002	695.054
716.555	83.972	65.138	704.494	695.545
716.493	182.250	66.291	704.985	696.036
716.431	71.543	67.385	705.476	696.527
716.369	-12.650	68.416	705.966	697.017
716.307	-12.050	69.380	706.457	697.508
716.245	-12.665	70.272	706.947	697.999
716.183	42.125	71.088	707.437	698.490
716.121	125.240	71.824	707.928	698.981
716.059	87.146	72.478	708.418	699.471
715.997	48.948	73.046	708.908	699.962
715.935	85.169	73.525	709.398	700.453
715.873	90.844	73.915	709.889	700.944
715.810	7.182	74.212	710.379	701.435
715.748	-32.408	74.417	710.869	701.925
715.686	17.491	74.527	711.360	702.417
715.624	40.898	74.544	711.851	702.907
715.562	53.671	74.467	712.342	703.398
715.500	29.313	74.297	712.833	703.889
715.438	-18.281	74.035	713.324	704.380
715.376	-13.067	73.683	713.815	704.870
715.314	29.451	73.243	714.307	705.361
715.252	30.847	72.718	714.798	705.852
715.190	22.511	72.112	715.290	706.342
715.128	89.825	71.427	715.783	706.834
715.066	115.546	70.668	716.275	707.324
715.003	114.188	69.840	716.768	707.815
714.941	37.150	68.947	717.261	708.306
714.879	42.867	67.994	717.755	708.797
714.817	99.995	66.987	718.249	709.287
714.755	57.893	65.933	718.743	709.778
714.693	86.086	64.836	719.237	710.269
714.631	82.338	63.703	719.732	710.760
714.569	86.075	62.541	720.227	711.251
714.507	15.068	61.357	720.723	711.742
714.445	54.373	60.156	721.218	712.232
714.383	78.823	58.946	721.714	712.723
714.321	-26.715	57.734	722.210	713.214
714.258	44.083	56.526	722.707	713.705
714.196	54.149	55.328	723.203	714.195
714.134	54.012	54.147	723.699	714.687
714.072	30.862	52.989	724.195	715.177
714.010	29.741	51.860	724.691	715.668
713.948	74.544	50.766	725.186	716.159
713.886	46.054	49.712	725.680	716.650
713.824	-46.541	48.703	726.173	717.140
713.762	18.347	47.745	726.664	717.631
713.700	37.254	46.841	727.154	718.122
713.638	59.219	45.997	727.641	718.613
713.576	31.625	45.215	728.126	719.104
713.513	25.670	44.500	728.608	719.595
713.451	97.257	43.855	729.086	720.085
713.389	123.945	43.283	729.560	720.576
713.327	45.089	42.789	730.030	721.067
713.265	-8.627	42.374	730.495	721.558
713.203	26.286	42.043	730.955	722.048
713.141	-23.566	41.797	731.410	722.540
713.079	-42.705	41.639	731.862	723.030
713.017	15.927	41.572	732.309	723.521
712.955	56.119	41.596	732.754	724.012
712.893	85.659	41.713	733.197	724.503
712.831	106.715	41.920	733.640	724.993
712.769	47.137	42.217	734.083	725.484
712.706	17.218	42.601	734.528	725.975
712.644	-46.897	43.068	734.975	726.466
712.582	11.487	43.613	735.426	726.957
712.520	121.460	44.231	735.880	727.448
712.458	65.088	44.916	736.338	727.938
712.396	-23.541	45.661	736.800	728.429
712.334	14.622	46.462	737.265	728.920
712.272	43.109	47.310	737.735	729.411
712.210	16.405	48.200	738.207	729.901
712.148	43.500	49.125	738.683	730.393
712.086	75.707	50.078	739.161	730.883
712.024	39.147	51.054	739.642	731.374
711.961	-13.441	52.047	740.125	731.865
711.899	2.861	53.050	740.611	732.356
711.837	71.981	54.058	741.098	732.846
711.775	11.933	55.065	741.587	733.337
711.713	69.967	56.067	742.078	733.828
711.651	89.148	57.057	742.569	734.319
711.589	90.500	58.032	743.063	734.810
711.527	50.708	58.988	743.557	735.300
711.465	-8.141	59.919	744.052	735.791
711.403	60.824	60.824	744.548	736.282
711.341	-7.475	61.697	745.046	736.773
711.279	49.562	62.538	745.543	737.263
711.217	10.216	63.342	746.042	737.754
711.154	-6.032	64.108	746.541	738.245
711.092	58.765	64.834	747.041	738.736
711.030	113.022	65.519	747.542	739.227
710.968	100.544	66.162	748.043	739.718
710.906	25.357	66.762	748.544	740.208
710.844	-0.432	67.318	749.046	740.699
710.782	89.706	67.831	749.548	741.190
710.720	79.247	68.300	750.050	741.681
710.658	20.406	68.726	750.552	742.171
710.596	47.065	69.109	751.055	742.663
710.534	30.194	69.450	751.557	743.153
710.472	6.675	69.751	752.060	743.644
710.409	118.346	70.011	752.563	744.135
710.347	137.197	70.232	753.066	744.626
710.285	116.295	70.414	753.568	745.116
710.223	54.398	70.560	754.071	745.607
710.161	101.559	70.669	754.573	746.098
710.099	50.063	70.743	755.076	746.589
710.037	27.252	70.782	755.578	747.080
709.975	48.257	70.787	756.079	747.571
709.913	-11.575	70.759	756.581	748.061
709.851	-5.847	70.697	757.082	748.552
709.789	-78.984	70.603	757.582	749.043
709.727	62.377	70.476	758.083	749.534
709.665	58.032	70.316	758.582	750.024
709.602	24.511	70.123	759.082	750.516
709.540	39.099	69.896	759.581	751.006
709.478	60.467	69.635	760.079	751.497
709.416	43.405	69.338	760.577	751.988
709.354	10.362	69.005	761.074	752.479
709.292	62.353	68.634	761.571	752.969
709.230	19.284	68.225	762.067	753.460
709.168	-10.158	67.775	762.562	753.951
709.106	64.761	67.283	763.056	754.442
709.044	40.467	66.748	763.550	754.933
708.982	16.264	66.168	764.043	755.424
708.920	51.168	65.542	764.535	755.914
708.857	53.144	64.867	765.027	756.405
708.795	68.081	64.143	765.517	756.896
708.733	73.667	63.367	766.005	757.387
708.671	49.440	62.540	766.493	757.877
708.609	2.406	61.659	766.979	758.369
708.547	20.390	60.725	767.463	758.859
708.485	98.335	59.736	767.945	759.350
708.423	77.230	58.694	768.424	759.841
708.361	20.726	57.598	768.900	760.332
708.299	50.293	56.450	769.370	760.822
708.237	66.225	55.253	769.835	761.313
708.175	47.930	54.010	770.290	761.804
708.113	14.190	52.731	770.732	762.295
708.050	42.739	51.426	771.152	762.786
707.988	7.576	50.121	771.534	763.277
707.926	41.496	48.868	771.847	763.767
707.864	53.913	47.794	772.030	764.258
707.802	57.396	47.167	772.027	764.749
707.740	81.750	47.243	771.990	765.240
707.678	30.019	47.851	772.126	765.730
707.616	66.657	48.687	772.412	766.221
707.554	83.771	49.593	772.779	766.712
707.492	22.630	50.498	773.190	767.203
707.430	-1.886	51.372	773.625	767.694
707.368	31.932	52.196	774.075	768.184
707.305	55.486	52.958	774.534	768.675
707.243	30.631	53.651	775.000	769.166
707.181	43.061	54.269	775.471	769.657
707.119	99.465	54.808	775.945	770.147
707.057	93.111	55.265	776.422	770.639
706.995	92.411	55.636	776.901	771.129
706.933	1.723	55.922	777.381	771.620
706.871	-4.681	56.121	777.863	772.111
706.809	32.001	56.232	778.345	772.602
706.747	68.421	56.258	778.828	773.093
706.685	48.443	56.198	779.313	773.583
706.623	64.568	56.056	779.797	774.074
706.560	90.078	55.832	780.283	774.565
706.498	12.425	55.531	780.768	775.056
706.436	4.257	55.155	781.254	775.547
706.374	-40.025	54.708	781.741	776.037
706.312	-28.070	54.196	782.228	776.528
706.250	-20.591	53.622	782.715	777.019
706.188	-50.051	52.992	783.203	777.510
706.126	-1.308	52.310	783.690	778.000
706.064	51.257	51.583	784.178	778.492
706.002	56.744	50.817	784.667	778.982
705.940	104.955	50.017	785.156	779.473
705.878	80.556	49.190	785.645	779.964
705.816	-50.866	48.342	786.134	780.455
705.753	68.794	47.479	786.624	780.946
705.691	51.467	46.607	787.114	781.436
705.629	49.063	45.733	787.604	781.927
705.567	38.030	44.862	788.095	782.418
705.505	51.584	44.001	788.587	782.909
705.443	49.793	43.154	789.079	783.400
705.381	-4.020	42.329	789.571	783.890
705.319	22.262	41.530	790.065	784.381
705.257	92.592	40.762	790.560	784.872
705.195	40.376	40.029	791.056	785.363
705.133	31.347	39.337	791.554	785.853
705.071	-32.383	38.689	792.056	786.345
705.008	56.779	38.089	792.563	786.835
704.946	9.735	37.542	793.081	787.326
704.884	-14.004	37.053	793.623	787.817
704.822	26.064	36.639	794.249	788.308
704.760	17.521	36.476	795.596	788.799
704.698	8.769	38.068	797.681	789.289
704.636	52.325	40.214	798.381	789.780
704.574	59.644	42.376	798.940	790.271
704.512	-11.211	44.516	799.465	790.762
704.450	65.314	46.616	799.977	791.253
704.388	-19.715	48.662	800.483	791.743
704.326	2.344	50.640	800.986	792.234
704.264	83.566	52.537	801.486	792.725
704.201	102.088	54.343	801.986	793.216
704.139	98.633	56.044	802.485	793.706
704.077	79.555	57.631	802.984	794.198
704.015	8.966	59.094	803.483	794.688
703.953	14.914	60.423	803.982	795.179
703.891	104.115	61.610	804.481	795.670
703.829	15.557	62.647	804.980	796.161
703.767	80.321	63.528	805.480	796.652
703.705	78.174	64.247	805.980	797.142
703.643	30.173	64.801	806.481	797.633
703.581	60.554	65.185	806.982	798.124
703.519	64.485	65.397	807.485	798.615
703.456	19.746	65.437	807.988	799.105
703.394	34.899	65.304	808.493	799.596
703.332	11.462	65.000	808.999	800.087
703.270	14.520	64.527	809.508	800.578
703.208	155.329	63.889	810.018	801.069
703.146	73.595	63.091	810.532	801.559
703.084	184.393	62.138	811.050	802.050
703.022	43.273	61.040	811.573	802.541
702.960	29.754	59.805	812.104	803.032
702.898	78.051	58.445	812.648	803.523
702.836	34.805	56.978	813.211	804.013
702.774	57.047	55.429	813.807	804.505
702.712	51.614	53.844	814.470	804.995
702.649	7.290	52.333	815.269	805.486
702.587	47.672	51.168	816.303	805.977
702.525	61.289	50.688	817.411	806.468
702.463	39.937	50.749	818.295	806.958
702.401	-23.531	51.034	819.002	807.449
702.339	6.109	51.400	819.621	807.940
702.277	67.734	51.793	820.198	808.431
702.215	-45.304	52.194	820.752	808.922
702.153	18.370	52.591	821.292	809.412
702.091	25.087	52.981	821.824	809.903
702.029	115.370	53.360	822.350	810.394
701.967	85.629	53.729	822.872	810.885
701.904	6.059	54.086	823.391	811.376
701.842	90.781	54.432	823.909	811.866
701.780	28.015	54.767	824.425	812.358
701.718	68.911	55.092	824.940	812.848
701.656	54.466	55.408	825.455	813.339
701.594	51.211	55.716	825.969	813.830
701.532	37.878	56.016	826.483	814.321
701.470	-37.154	56.309	826.997	814.811
701.408	12.608	56.597	827.511	815.302
701.346	22.995	56.880	828.024	815.793
701.284	22.490	57.159	828.538	816.284
701.222	73.047	57.434	829.053	816.775
701.160	64.618	57.706	829.567	817.265
701.097	37.390	57.976	830.082	817.756
701.035	7.907	58.243	830.597	818.247
700.973	-30.995	58.509	831.113	818.738
700.911	49.541	58.772	831.628	819.229
700.849	-46.759	59.032	832.145	819.719
700.787	-13.211	59.289	832.661	820.211
700.725	41.021	59.543	833.179	820.701
700.663	98.891	59.792	833.696	821.192
700.601	30.181	60.036	834.214	821.683
700.539	47.326	60.273	834.733	822.174
700.477	72.103	60.502	835.252	822.664
700.415	25.763	60.722	835.771	823.155
700.352	56.048	60.930	836.291	823.646
700.290	119.472	61.125	836.811	824.137
700.228	96.602	61.305	837.331	824.628
700.166	34.655	61.468	837.852	825.118
700.104	-9.518	61.611	838.374	825.609
700.042	23.727	61.732	838.895	826.100
699.980	30.363	61.830	839.417	826.591
699.918	91.430	61.901	839.939	827.082
699.856	34.917	61.942	840.462	827.572
699.794	12.168	61.953	840.984	828.063
699.732	96.445	61.930	841.507	828.554
699.670	53.211	61.871	842.029	829.045
699.607	11.885	61.773	842.552	829.536
699.545	75.714	61.636	843.074	830.026
699.483	55.246	61.456	843.597	830.517
699.421	-11.209	61.232	844.119	831.008
699.359	-6.672	60.962	844.640	831.499
699.297	-20.774	60.645	845.161	831.989
699.235	8.853	60.280	845.681	832.481
699.173	62.220	59.866	846.200	832.971
699.111	4.209	59.402	846.718	833.462
699.049	58.298	58.887	847.234	833.953
698.987	60.685	58.323	847.748	834.444
698.925	74.587	57.709	848.260	834.934
698.863	86.191	57.046	848.769	835.425
698.800	47.741	56.337	849.274	835.916
698.738	34.608	55.583	849.774	836.407
698.676	45.639	54.788	850.268	836.898
698.614	56.379	53.957	850.754	837.389
698.552	58.237	53.096	851.231	837.879
698.490	36.692	52.214	851.694	838.370
698.428	7.036	51.323	852.141	838.861
698.366	34.193	50.443	852.566	839.352
698.304	127.848	49.598	852.963	839.842
698.242	73.004	48.822	853.329	840.334
698.180	-0.408	48.155	853.663	840.824
698.118	-16.589	47.637	853.974	841.315
698.055	1.963	47.289	854.282	841.806
697.993	44.061	47.105	854.608	842.297
697.931	69.460	47.055	854.962	842.787
697.869	69.615	47.107	855.349	843.278
697.807	37.751	47.230	855.763	843.769
697.745	85.163	47.401	856.200	844.260
697.683	55.478	47.604	856.653	844.751
697.621	7.871	47.831	857.120	845.241
697.559	37.077	48.074	857.596	845.732
697.497	-25.173	48.329	858.080	846.223
697.435	-32.899	48.594	858.569	846.714
697.373	89.500	48.866	859.062	847.205
697.311	94.864	49.144	859.559	847.695
697.248	27.783	49.427	860.058	848.187
697.186	57.497	49.715	860.559	848.677
697.124	8.119	50.007	861.061	849.168
697.062	6.753	50.301	861.564	849.659
697.000	109.024	50.597	862.067	850.150
696.938	29.882	50.894	862.571	850.640
696.876	-37.192	51.190	863.075	851.131
696.814	25.583	51.485	863.579	851.622
696.752	22.925	51.776	864.083	852.113
696.690	44.091	52.063	864.587	852.604
696.628	53.436	52.343	865.090	853.094
696.566	55.653	52.616	865.593	853.585
696.503	73.133	52.878	866.096	854.076
696.441	33.269	53.129	866.597	854.567
696.379	50.792	53.366	867.098	855.058
696.317	74.331	53.587	867.599	855.548
696.255	28.712	53.790	868.098	856.040
696.193	18.814	53.975	868.597	856.530
696.131	62.976	54.138	869.094	857.021
696.069	-24.810	54.279	869.591	857.512
696.007	13.799	54.396	870.087	858.003
695.945	-14.898	54.488	870.581	858.493
695.883	46.798	54.553	871.075	858.984
695.821	29.020	54.591	871.567	859.475
695.759	37.356	54.600	872.057	859.966
695.696	35.207	54.582	872.547	860.457
695.634	38.024	54.534	873.034	860.947
695.572	50.943	54.459	873.520	861.438
695.510	48.534	54.355	874.004	861.929
695.448	20.605	54.225	874.486	862.420
695.386	14.668	54.070	874.966	862.910
695.324	23.940	53.891	875.443	863.401
695.262	1.315	53.691	875.917	863.892
695.200	1.644	53.473	876.388	864.383
695.138	13.093	53.240	876.856	864.874
695.076	-2.863	52.997	877.319	865.365
695.014	-2.272	52.750	877.779	865.855
694.951	41.777	52.504	878.233	866.346
694.889	-0.551	52.267	878.682	866.837
694.827	-2.082	52.048	879.125	867.328
694.765	128.026	51.856	879.562	867.818
694.703	89.024	51.702	879.991	868.310
694.641	68.848	51.598	880.414	868.800
694.579	98.912	51.556	880.829	869.291
694.517	-2.892	51.589	881.237	869.782
694.455	19.746	51.708	881.640	870.273
694.393	78.097	51.920	882.038	870.763
694.331	59.766	52.231	882.434	871.254
694.269	1.132	52.639	882.829	871.745
694.207	16.577	53.139	883.227	872.236
694.144	127.685	53.720	883.629	872.727
694.082	69.543	54.368	884.036	873.218
694.020	-14.309	55.066	884.450	873.708
693.958	4.276	55.797	884.871	874.199
693.896	8.900	56.542	885.300	874.690
693.834	94.890	57.285	885.735	875.181
693.772	37.988	58.011	886.177	875.671
693.710	33.813	58.707	886.625	876.163
693.648	34.036	59.359	887.078	876.653
693.586	49.253	59.959	887.536	877.144
693.524	26.178	60.497	887.999	877.635
693.462	67.624	60.966	888.465	878.126
693.399	22.964	61.361	888.935	878.616
693.337	34.635	61.676	889.409	879.107
693.275	-38.863	61.909	889.885	879.598
693.213	4.526	62.056	890.364	880.089
693.151	122.464	62.116	890.845	880.580
693.089	152.282	62.088	891.329	881.071
693.027	-23.976	61.973	891.814	881.561
692.965	31.181	61.772	892.302	882.052
692.903	119.307	61.487	892.792	882.543
692.841	51.688	61.119	893.283	883.034
692.779	-4.389	60.673	893.776	883.524
692.717	-21.540	60.152	894.270	884.016
692.655	4.276	59.559	894.766	884.506
692.592	6.485	58.901	895.264	884.997
692.530	-4.602	58.182	895.763	885.488
692.468	18.376	57.408	896.263	885.979
692.406	50.990	56.585	896.765	886.469
692.344	58.400	55.718	897.268	886.960
692.282	15.190	54.815	897.772	887.451
692.220	59.789	53.882	898.278	887.942
692.158	85.253	52.927	898.785	888.433
692.096	46.621	51.954	899.294	888.924
692.034	30.745	50.972	899.803	889.414
691.972	49.546	49.987	900.314	889.905
691.910	91.114	49.005	900.826	890.396
691.847	20.718	48.032	901.339	890.886
691.785	38.876	47.075	901.853	891.377
691.723	0.016	46.139	902.368	891.868
691.661	10.069	45.230	902.884	892.359
691.599	13.248	44.351	903.401	892.850
691.537	43.269	43.507	903.919	893.341
691.475	6.449	42.702	904.437	893.831
691.413	5.160	41.939	904.956	894.322
691.351	25.373	41.220	905.476	894.813
691.289	52.494	40.549	905.997	895.304
691.227	-5.689	39.926	906.517	895.794
691.165	-64.287	39.353	907.039	896.286
691.102	-50.694	38.829	907.561	896.776
691.040	-8.531	38.355	908.083	897.267
690.978	-32.557	37.932	908.606	897.758
690.916	49.928	37.556	909.130	898.249
690.854	73.830	37.229	909.653	898.739
690.792	-11.800	36.948	910.178	899.230
690.730	9.193	36.712	910.703	899.721
690.668	73.379	36.518	911.229	900.212
690.606	50.260	36.365	911.756	900.703
690.544	11.128	36.252	912.284	901.194
690.482	43.379	36.175	912.813	901.684
690.420	31.335	36.134	913.344	902.175
690.358	33.195	36.127	913.877	902.666
690.295	74.432	36.152	914.412	903.157
690.233	27.733	36.210	914.950	903.647
690.171	-15.525	36.299	915.491	904.139
690.109	-42.847	36.420	916.037	904.629
690.047	46.446	36.574	916.586	905.120
689.985	33.357	36.764	917.141	905.611
689.923	108.383	36.993	917.701	906.102
689.861	46.911	37.266	918.268	906.592
689.799	43.773	37.586	918.842	907.083
689.737	4.192	37.961	919.423	907.574
689.675	15.440	38.398	920.010	908.065
689.613	24.517	38.902	920.604	908.556
689.550	-41.016	39.478	921.202	909.047
689.488	57.901	40.128	921.803	909.537
689.426	65.098	40.851	922.404	910.028
689.364	57.378	41.642	923.001	910.519
689.302	39.097	42.491	923.594	911.010
689.240	21.594	43.388	924.179	911.500
689.178	90.856	44.319	924.756	911.992
689.116	-5.964	45.268	925.325	912.482
689.054	2.983	46.224	925.884	912.973
688.992	-15.740	47.171	926.436	913.464
688.930	19.233	48.099	926.979	913.955
688.868	58.098	48.998	927.516	914.445
688.806	102.377	49.858	928.045	914.936
688.743	-34.185	50.672	928.569	915.427
688.681	76.714	51.434	929.087	915.918
688.619	81.124	52.140	929.601	916.409
688.557	40.593	52.785	930.110	916.900
688.495	48.335	53.367	930.616	917.390
688.433	28.662	53.884	931.117	917.881
688.371	36.051	54.336	931.615	918.372
688.309	70.804	54.723	932.110	918.863
688.247	61.612	55.046	932.602	919.353
688.185	-32.998	55.306	933.092	919.845
688.123	64.938	55.506	933.579	920.335
688.061	90.545	55.650	934.063	920.826
687.998	-26.773	55.739	934.545	921.317
687.936	-26.391	55.780	935.025	921.807
687.874	40.220	55.775	935.502	922.298
687.812	68.945	55.730	935.978	922.789
687.750	90.632	55.649	936.452	923.280
687.688	70.267	55.538	936.924	923.770
687.626	11.002	55.401	937.394	924.262
687.564	33.146	55.244	937.863	924.752
687.502	-17.268	55.072	938.330	925.243
687.440	-44.489	54.889	938.796	925.734
687.378	84.062	54.699	939.261	926.225
687.316	84.095	54.506	939.726	926.716
687.254	6.274	54.314	940.190	927.206
687.191	24.776	54.125	940.653	927.697
687.129	86.230	53.941	941.117	928.188
687.067	48.274	53.764	941.581	928.679
687.005	13.959	53.595	942.046	929.170
686.943	55.715	53.433	942.512	929.660
686.881	62.947	53.278	942.979	930.151
686.819	115.389	53.129	943.448	930.642
686.757	14.169	52.985	943.919	931.133
686.695	21.829	52.844	944.393	931.623
686.633	100.515	52.703	944.870	932.115
686.571	24.753	52.562	945.351	932.605
686.509	69.361	52.417	945.836	933.096
686.446	76.933	52.268	946.326	933.587
686.384	16.055	52.113	946.823	934.078
686.322	-4.087	51.953	947.326	934.569
686.260	70.898	51.789	947.838	935.059
686.198	99.789	51.626	948.360	935.550
686.136	82.533	51.469	948.893	936.041
686.074	12.996	51.328	949.439	936.532
686.012	12.371	51.216	950.001	937.023
685.950	14.575	51.153	950.580	937.513
685.888	51.639	51.159	951.175	938.004
685.826	33.332	51.259	951.785	938.495
685.764	14.412	51.476	952.406	938.986
685.702	71.065	51.825	953.031	939.476
685.639	-0.815	52.310	953.651	939.968
685.577	18.151	52.925	954.262	940.458
685.515	72.993	53.651	954.858	940.949
685.453	63.891	54.468	955.439	941.440
685.391	27.266	55.355	956.005	941.931
685.329	27.419	56.288	956.558	942.422
685.267	63.169	57.251	957.100	942.912
685.205	89.291	58.226	957.633	943.403
685.143	106.597	59.198	958.157	943.894
685.081	-9.059	60.156	958.675	944.385
685.019	-41.358	61.089	959.187	944.876
684.957	19.387	61.986	959.695	945.366
684.894	39.391	62.838	960.199	945.857
684.832	57.028	63.639	960.700	946.348
684.770	116.472	64.381	961.199	946.839
684.708	54.549	65.058	961.695	947.329
684.646	-13.572	65.664	962.189	947.821
684.584	10.342	66.195	962.681	948.311
684.522	35.321	66.648	963.172	948.802
684.460	6.268	67.019	963.662	949.293
684.398	4.807	67.305	964.150	949.784
684.336	39.922	67.505	964.637	950.275
684.274	67.237	67.619	965.123	950.765
684.212	-22.263	67.645	965.608	951.256
684.149	35.935	67.585	966.093	951.747
684.087	148.754	67.439	966.576	952.238
684.025	110.258	67.210	967.059	952.728
683.963	87.808	66.899	967.540	953.219
683.901	65.160	66.510	968.022	953.710
683.839	103.177	66.047	968.502	954.201
683.777	56.436	65.514	968.981	954.692
683.715	19.973	64.916	969.460	955.182
683.653	43.792	64.257	969.938	955.673
683.591	-14.845	63.544	970.415	956.164
683.529	20.713	62.782	970.892	956.655
683.467	-14.391	61.979	971.368	957.146
683.405	7.766	61.140	971.843	957.636
683.342	83.705	60.272	972.317	958.128
683.280	66.072	59.382	972.790	958.618
683.218	0.420	58.477	973.262	959.109
683.156	32.047	57.564	973.734	959.600
683.094	66.780	56.649	974.204	960.091
683.032	42.323	55.740	974.674	960.581
682.970	43.116	54.842	975.143	961.072
682.908	-15.418	53.962	975.611	961.563
682.846	74.984	53.105	976.079	962.054
682.784	47.535	52.276	976.546	962.545
682.722	-1.347	51.480	977.012	963.035
682.660	-46.379	50.721	977.477	963.526
682.597	4.577	50.002	977.942	964.017
682.535	8.298	49.325	978.407	964.508
682.473	-16.291	48.694	978.872	964.999
682.411	21.687	48.108	979.337	965.489
682.349	19.503	47.568	979.803	965.981
682.287	57.038	47.073	980.269	966.471
682.225	53.989	46.623	980.737	966.962
682.163	47.200	46.216	981.206	967.453
682.101	-14.685	45.849	981.678	967.944
682.039	-8.819	45.520	982.152	968.434
681.977	49.473	45.226	982.630	968.925
681.915	61.273	44.965	983.112	969.416
681.853	40.358	44.734	983.600	969.907
681.790	49.980	44.531	984.094	970.398
681.728	72.268	44.357	984.596	970.888
681.666	23.745	44.213	985.108	971.379
681.604	88.474	44.101	985.629	971.870
681.542	44.504	44.028	986.163	972.361
681.480	44.889	44.002	986.710	972.852
681.418	9.322	44.036	987.272	973.342
681.356	54.831	44.141	987.846	973.834
681.294	-38.587	44.333	988.433	974.324
681.232	57.868	44.622	989.028	974.815
681.170	22.178	45.015	989.625	975.306
681.108	22.495	45.511	990.220	975.797
681.045	-5.550	46.099	990.808	976.287
680.983	1.308	46.767	991.387	976.778
680.921	41.692	47.497	991.953	977.269
680.859	48.960	48.271	992.509	977.760
680.797	16.917	49.072	993.054	978.251
680.735	107.472	49.886	993.590	978.741
680.673	92.847	50.698	994.118	979.232
680.611	40.035	51.499	994.640	979.723
680.549	83.322	52.277	995.156	980.214
680.487	36.733	53.025	995.667	980.705
680.425	31.047	53.736	996.175	981.195
680.363	51.650	54.403	996.680	981.686
680.301	69.362	55.021	997.183	982.177
680.238	98.582	55.587	997.683	982.668
680.176	111.834	56.096	998.182	983.159
680.114	12.901	56.545	998.680	983.649
680.052	35.880	56.932	999.177	984.140
679.990	67.379	57.256	999.673	984.631
679.928	94.324	57.515	1000.169	985.122
679.866	-26.151	57.708	1000.664	985.612
679.804	48.619	57.837	1001.159	986.104
679.742	17.118	57.900	1001.654	986.594
679.680	-20.010	57.900	1002.149	987.085
679.618	-33.293	57.838	1002.644	987.576
679.556	31.180	57.715	1003.139	988.067
679.493	-14.772	57.535	1003.635	988.557
679.431	93.516	57.299	1004.131	989.048
679.369	-32.660	57.011	1004.628	989.539
679.307	53.592	56.675	1005.126	990.030
679.245	-8.326	56.294	1005.624	990.521
679.183	50.642	55.872	1006.123	991.012
679.121	12.368	55.415	1006.624	991.502
679.059	9.419	54.925	1007.125	991.993
678.997	-55.946	54.410	1007.628	992.484
678.935	21.043	53.872	1008.132	992.975
678.873	54.095	53.318	1008.638	993.465
678.811	70.477	52.753	1009.145	993.957
678.749	27.790	52.182	1009.655	994.447
678.686	20.313	51.611	1010.166	994.938
678.624	91.442	51.045	1010.679	995.429
678.562	86.395	50.489	1011.195	995.920
678.500	26.362	49.950	1011.713	996.410
678.438	100.236	49.430	1012.234	996.901
678.376	107.640	48.937	1012.757	997.392
678.314	16.846	48.473	1013.282	997.883
678.252	58.399	48.042	1013.810	998.374
678.190	28.550	47.648	1014.340	998.865
678.128	24.060	47.293	1014.872	999.355
678.066	93.395	46.978	1015.405	999.846
678.004	-46.521	46.703	1015.938	1000.337
677.941	-21.537	46.467	1016.472	1000.828
677.879	0.319	46.268	1017.005	1001.318
677.817	52.669	46.101	1017.537	1001.810
677.755	86.225	45.963	1018.067	1002.300
677.693	31.671	45.849	1018.593	1002.791
677.631	41.909	45.751	1019.116	1003.282
677.569	23.621	45.666	1019.634	1003.773
677.507	48.929	45.586	1020.148	1004.263
677.445	2.169	45.507	1020.656	1004.754
677.383	19.900	45.425	1021.158	1005.245
677.321	10.556	45.336	1021.654	1005.736
677.259	61.621	45.238	1022.144	1006.227
677.196	55.317	45.130	1022.627	1006.718
677.134	56.290	45.013	1023.103	1007.208
677.072	31.082	44.889	1023.573	1007.699
677.010	25.264	44.762	1024.037	1008.190
676.948	45.687	44.637	1024.493	1008.681
676.886	19.954	44.520	1024.943	1009.171
676.824	45.807	44.418	1025.387	1009.663
676.762	-20.895	44.339	1025.825	1010.153
676.700	78.223	44.292	1026.258	1010.644
676.638	43.848	44.285	1026.687	1011.135
676.576	6.900	44.326	1027.112	1011.626
