[frequency (THz)]	[signal]	[dc signal]	[interferogram phase (rad)]	[linear phase (rad)]
429.744	-99.646	407.492	2.683	-6.035
429.682	-99.258	397.859	3.155	-5.545
429.620	-102.649	388.271	3.626	-5.056
429.558	155.390	378.760	4.098	-4.567
429.496	165.339	369.352	4.571	-4.078
429.434	234.003	360.076	5.043	-3.588
429.372	170.565	350.959	5.515	-3.099
429.310	244.581	342.026	5.987	-2.610
429.247	169.347	333.301	6.458	-2.121
429.185	234.883	324.806	6.930	-1.631
429.123	220.240	316.562	7.401	-1.142
429.061	189.487	308.588	7.872	-0.653
428.999	253.770	300.902	8.342	-0.164
428.937	183.549	293.519	8.812	0.326
428.875	246.364	286.453	9.281	0.815
428.813	224.585	279.715	9.750	1.304
428.751	278.741	273.315	10.217	1.793
428.689	265.498	267.262	10.683	2.283
428.627	139.118	261.561	11.147	2.772
428.565	393.445	256.218	11.609	3.261
428.503	293.657	251.236	12.069	3.750
428.440	127.022	246.617	12.527	4.240
428.378	217.417	242.362	12.980	4.729
428.316	353.646	238.474	13.428	5.218
428.254	302.442	234.955	13.871	5.707
428.192	181.837	231.808	14.305	6.197
428.130	289.273	229.041	14.729	6.686
428.068	159.011	226.670	15.139	7.175
428.006	211.059	224.721	15.528	7.664
427.944	201.874	223.240	15.891	8.154
427.882	195.579	222.304	16.218	8.643
427.820	196.013	222.026	16.502	9.132
427.758	276.001	222.542	16.742	9.621
427.695	176.320	223.952	16.959	10.111
427.633	212.527	226.225	17.185	10.600
427.571	234.104	229.191	17.449	11.089
427.509	166.364	232.620	17.758	11.578
427.447	229.915	236.311	18.107	12.068
427.385	273.236	240.113	18.487	12.557
427.323	345.902	243.919	18.889	13.046
427.261	264.677	247.651	19.308	13.535
427.199	197.428	251.253	19.739	14.025
427.137	285.260	254.681	20.179	14.514
427.075	242.233	257.901	20.627	15.003
427.013	197.352	260.884	21.079	15.492
426.951	218.449	263.610	21.536	15.982
426.888	181.703	266.060	21.997	16.471
426.826	323.815	268.221	22.460	16.960
426.764	237.095	270.083	22.925	17.449
426.702	221.407	271.640	23.392	17.939
426.640	261.817	272.889	23.860	18.428
426.578	177.689	273.828	24.330	18.917
426.516	321.939	274.460	24.801	19.406
426.454	299.854	274.791	25.273	19.896
426.392	220.066	274.827	25.745	20.385
426.330	195.504	274.578	26.218	20.874
426.268	268.838	274.057	26.691	21.363
426.206	218.877	273.278	27.164	21.853
426.143	213.623	272.257	27.638	22.342
426.081	249.647	271.010	28.112	22.831
426.019	297.946	269.558	28.586	23.320
425.957	149.503	267.921	29.059	23.810
425.895	154.296	266.121	29.532	24.299
425.833	157.377	264.180	30.005	24.788
425.771	243.016	262.121	30.477	25.277
425.709	222.839	259.969	30.948	25.767
425.647	245.593	257.749	31.419	26.256
425.585	221.449	255.483	31.888	26.745
425.523	218.233	253.199	32.355	27.234
425.461	204.876	250.919	32.820	27.724
425.398	221.211	248.669	33.282	28.213
425.336	236.212	246.473	33.741	28.702
425.274	172.675	244.355	34.196	29.191
425.212	205.631	242.338	34.646	29.681
425.150	239.704	240.446	35.089	30.170
425.088	230.876	238.704	35.523	30.659
425.026	181.667	237.135	35.947	31.148
424.964	270.655	235.764	36.358	31.638
424.902	264.083	234.618	36.753	32.127
424.840	191.812	233.725	37.130	32.616
424.778	284.659	233.110	37.488	33.106
424.716	262.940	232.798	37.829	33.595
424.654	242.040	232.798	38.161	34.084
424.591	168.955	233.107	38.495	34.573
424.529	180.275	233.701	38.841	35.063
424.467	178.534	234.543	39.207	35.552
424.405	235.833	235.595	39.598	36.041
424.343	330.857	236.819	40.013	36.530
424.281	267.090	238.186	40.450	37.020
424.219	213.451	239.673	40.906	37.509
424.157	284.908	241.263	41.380	37.998
424.095	186.026	242.945	41.868	38.487
424.033	172.272	244.711	42.368	38.977
423.971	301.936	246.556	42.880	39.466
423.909	288.267	248.476	43.401	39.955
423.846	368.720	250.470	43.929	40.444
423.784	188.327	252.535	44.464	40.934
423.722	159.724	254.671	45.003	41.423
423.660	280.136	256.874	45.544	41.912
423.598	249.382	259.140	46.087	42.401
423.536	229.259	261.461	46.630	42.891
423.474	310.260	263.830	47.171	43.380
423.412	183.794	266.235	47.710	43.869
423.350	296.660	268.664	48.246	44.358
423.288	199.389	271.103	48.779	44.848
423.226	245.204	273.536	49.308	45.337
423.164	362.506	275.947	49.833	45.826
423.102	335.969	278.322	50.355	46.315
423.039	217.939	280.643	50.873	46.805
422.977	362.904	282.895	51.387	47.294
422.915	348.896	285.064	51.899	47.783
422.853	209.505	287.135	52.408	48.272
422.791	199.957	289.095	52.914	48.762
422.729	208.913	290.932	53.418	49.251
422.667	295.294	292.635	53.919	49.740
422.605	274.575	294.193	54.419	50.229
422.543	273.212	295.599	54.917	50.719
422.481	239.087	296.844	55.413	51.208
422.419	273.267	297.922	55.907	51.697
422.357	264.717	298.829	56.400	52.186
422.294	222.658	299.560	56.892	52.676
422.232	314.382	300.113	57.383	53.165
422.170	259.199	300.486	57.872	53.654
422.108	238.421	300.680	58.361	54.143
422.046	261.695	300.694	58.848	54.633
421.984	236.363	300.531	59.335	55.122
421.922	206.978	300.194	59.820	55.611
421.860	207.527	299.687	60.305	56.100
421.798	189.607	299.013	60.789	56.590
421.736	258.104	298.180	61.273	57.079
421.674	347.169	297.192	61.755	57.568
421.612	273.501	296.057	62.237	58.057
421.549	223.180	294.783	62.718	58.547
421.487	371.483	293.377	63.199	59.036
421.425	216.198	291.848	63.679	59.525
421.363	208.936	290.205	64.158	60.014
421.301	189.993	288.456	64.636	60.504
421.239	242.485	286.611	65.114	60.993
421.177	233.041	284.680	65.591	61.482
421.115	127.873	282.671	66.067	61.971
421.053	210.246	280.596	66.542	62.461
420.991	225.566	278.462	67.016	62.950
420.929	195.037	276.280	67.490	63.439
420.867	224.704	274.059	67.962	63.928
420.805	332.884	271.808	68.434	64.418
420.742	293.713	269.536	68.904	64.907
420.680	168.184	267.252	69.373	65.396
420.618	290.832	264.964	69.840	65.885
420.556	166.537	262.681	70.306	66.375
420.494	341.208	260.412	70.771	66.864
420.432	340.137	258.163	71.233	67.353
420.370	156.801	255.942	71.693	67.842
420.308	134.824	253.759	72.151	68.332
420.246	145.246	251.619	72.605	68.821
420.184	213.711	249.531	73.057	69.310
420.122	291.866	247.503	73.505	69.799
420.060	225.195	245.543	73.948	70.289
419.997	325.074	243.660	74.386	70.778
419.935	293.625	241.864	74.819	71.267
419.873	138.680	240.166	75.244	71.756
419.811	255.552	238.577	75.662	72.246
419.749	283.275	237.112	76.071	72.735
419.687	216.489	235.786	76.469	73.224
419.625	239.598	234.615	76.857	73.713
419.563	195.243	233.618	77.234	74.203
419.501	234.038	232.810	77.600	74.692
419.439	217.027	232.206	77.958	75.181
419.377	264.360	231.810	78.309	75.670
419.315	152.091	231.620	78.658	76.160
419.253	159.329	231.621	79.010	76.649
419.190	186.764	231.789	79.368	77.138
419.128	232.734	232.094	79.734	77.627
419.066	223.593	232.503	80.111	78.117
419.004	191.722	232.983	80.499	78.606
418.942	267.839	233.504	80.896	79.095
418.880	235.291	234.042	81.303	79.584
418.818	118.859	234.574	81.718	80.074
418.756	319.352	235.083	82.140	80.563
418.694	235.321	235.555	82.568	81.052
418.632	219.538	235.980	83.000	81.541
418.570	259.794	236.349	83.437	82.031
418.508	261.020	236.657	83.877	82.520
418.445	202.874	236.899	84.320	83.009
418.383	276.340	237.075	84.765	83.499
418.321	128.843	237.182	85.211	83.988
418.259	179.391	237.224	85.659	84.477
418.197	286.006	237.201	86.107	84.966
418.135	265.328	237.118	86.555	85.456
418.073	195.831	236.979	87.003	85.945
418.011	181.818	236.790	87.450	86.434
417.949	207.153	236.558	87.896	86.923
417.887	224.464	236.290	88.341	87.413
417.825	232.921	235.996	88.784	87.902
417.763	184.140	235.685	89.223	88.391
417.701	235.862	235.369	89.660	88.880
417.638	169.144	235.058	90.093	89.370
417.576	158.464	234.766	90.522	89.859
417.514	219.005	234.506	90.945	90.348
417.452	231.125	234.294	91.363	90.837
417.390	96.994	234.146	91.774	91.327
417.328	245.376	234.079	92.179	91.816
417.266	310.795	234.109	92.576	92.305
417.204	280.444	234.254	92.967	92.794
417.142	227.598	234.529	93.352	93.284
417.080	124.050	234.946	93.733	93.773
417.018	249.172	235.516	94.111	94.262
416.956	160.040	236.240	94.490	94.751
416.893	266.450	237.118	94.871	95.241
416.831	185.005	238.141	95.257	95.730
416.769	286.488	239.297	95.650	96.219
416.707	176.210	240.572	96.051	96.708
416.645	272.356	241.949	96.460	97.198
416.583	214.694	243.411	96.878	97.687
416.521	164.226	244.941	97.303	98.176
416.459	219.753	246.522	97.737	98.665
416.397	207.519	248.140	98.177	99.155
416.335	283.632	249.780	98.624	99.644
416.273	357.082	251.429	99.077	100.133
416.211	248.917	253.075	99.535	100.622
416.148	258.231	254.707	99.999	101.112
416.086	347.018	256.315	100.467	101.601
416.024	314.093	257.888	100.940	102.090
415.962	323.583	259.419	101.417	102.579
415.900	278.853	260.899	101.898	103.069
415.838	222.373	262.320	102.383	103.558
415.776	292.833	263.678	102.872	104.047
415.714	226.313	264.967	103.365	104.536
415.652	267.862	266.183	103.863	105.026
415.590	292.837	267.322	104.365	105.515
415.528	252.936	268.383	104.872	106.004
415.466	130.465	269.366	105.385	106.493
415.404	240.157	270.271	105.903	106.983
415.341	214.877	271.104	106.428	107.472
415.279	226.989	271.868	106.960	107.961
415.217	274.021	272.571	107.500	108.450
415.155	287.742	273.226	108.048	108.940
415.093	215.222	273.844	108.606	109.429
415.031	157.558	274.441	109.172	109.918
414.969	185.706	275.036	109.748	110.407
414.907	282.612	275.649	110.333	110.897
414.845	163.659	276.297	110.925	111.386
414.783	223.084	276.995	111.521	111.875
414.721	376.360	277.756	112.119	112.364
414.659	309.992	278.581	112.715	112.854
414.596	307.247	279.470	113.307	113.343
414.534	278.250	280.413	113.892	113.832
414.472	352.443	281.396	114.470	114.321
414.410	181.979	282.406	115.039	114.811
414.348	233.003	283.426	115.600	115.300
414.286	279.401	284.441	116.153	115.789
414.224	333.854	285.437	116.699	116.278
414.162	268.537	286.401	117.238	116.768
414.100	248.937	287.323	117.772	117.257
414.038	269.174	288.193	118.300	117.746
413.976	254.087	289.004	118.825	118.235
413.914	307.675	289.749	119.346	118.725
413.852	270.473	290.422	119.863	119.214
413.789	249.831	291.020	120.378	119.703
413.727	156.322	291.539	120.890	120.192
413.665	273.796	291.976	121.400	120.682
413.603	213.774	292.329	121.909	121.171
413.541	258.389	292.598	122.416	121.660
413.479	199.622	292.782	122.921	122.149
413.417	387.361	292.880	123.425	122.639
413.355	241.067	292.894	123.928	123.128
413.293	286.903	292.824	124.431	123.617
413.231	319.322	292.672	124.932	124.106
413.169	331.372	292.440	125.432	124.596
413.107	267.512	292.130	125.932	125.085
413.044	276.058	291.744	126.432	125.574
412.982	352.329	291.287	126.931	126.063
412.920	246.661	290.760	127.429	126.553
412.858	231.555	290.167	127.927	127.042
412.796	228.174	289.512	128.424	127.531
412.734	226.453	288.799	128.921	128.020
412.672	212.172	288.032	129.418	128.510
412.610	207.978	287.214	129.914	128.999
412.548	225.779	286.352	130.410	129.488
412.486	328.414	285.448	130.905	129.977
412.424	236.346	284.508	131.401	130.467
412.362	220.722	283.537	131.895	130.956
412.300	320.128	282.538	132.390	131.445
412.237	339.480	281.516	132.884	131.934
412.175	271.519	280.477	133.378	132.424
412.113	200.884	279.425	133.871	132.913
412.051	228.506	278.364	134.363	133.402
411.989	247.393	277.300	134.855	133.891
411.927	290.021	276.237	135.347	134.381
411.865	258.952	275.180	135.837	134.870
411.803	146.044	274.132	136.327	135.359
411.741	213.966	273.100	136.816	135.848
411.679	248.230	272.086	137.303	136.338
411.617	176.933	271.097	137.790	136.827
411.555	245.087	270.135	138.275	137.316
411.492	261.496	269.205	138.758	137.805
411.430	330.089	268.312	139.239	138.295
411.368	260.144	267.460	139.718	138.784
411.306	193.866	266.654	140.194	139.273
411.244	217.832	265.898	140.666	139.762
411.182	118.130	265.197	141.136	140.252
411.120	325.042	264.556	141.601	140.741
411.058	263.222	263.982	142.061	141.230
410.996	160.159	263.479	142.515	141.719
410.934	377.836	263.054	142.964	142.209
410.872	334.154	262.715	143.405	142.698
410.810	243.614	262.467	143.840	143.187
410.748	218.433	262.317	144.268	143.676
410.685	357.706	262.272	144.688	144.166
410.623	258.636	262.336	145.104	144.655
410.561	204.147	262.511	145.515	145.144
410.499	206.927	262.795	145.925	145.633
410.437	329.519	263.184	146.336	146.123
410.375	247.191	263.668	146.752	146.612
410.313	269.444	264.235	147.173	147.101
410.251	217.994	264.872	147.602	147.590
410.189	262.898	265.566	148.040	148.080
410.127	264.044	266.301	148.488	148.569
410.065	275.487	267.067	148.944	149.058
410.003	326.641	267.852	149.409	149.547
409.940	168.078	268.648	149.881	150.037
409.878	226.497	269.446	150.361	150.526
409.816	304.543	270.241	150.848	151.015
409.754	218.713	271.028	151.340	151.504
409.692	284.983	271.803	151.838	151.994
409.630	262.220	272.563	152.340	152.483
409.568	277.530	273.305	152.847	152.972
409.506	182.016	274.029	153.358	153.461
409.444	310.190	274.734	153.872	153.951
409.382	249.466	275.417	154.390	154.440
409.320	207.606	276.078	154.910	154.929
409.258	201.884	276.718	155.433	155.418
409.195	254.061	277.336	155.958	155.908
409.133	362.447	277.931	156.486	156.397
409.071	299.468	278.503	157.015	156.886
409.009	312.331	279.053	157.546	157.375
408.947	333.864	279.580	158.079	157.865
408.885	209.174	280.083	158.613	158.354
408.823	275.647	280.563	159.149	158.843
408.761	249.901	281.020	159.685	159.332
408.699	319.694	281.452	160.223	159.822
408.637	296.792	281.860	160.762	160.311
408.575	276.845	282.242	161.301	160.800
408.513	288.610	282.599	161.842	161.289
408.451	208.562	282.931	162.383	161.779
408.388	265.579	283.236	162.925	162.268
408.326	207.180	283.514	163.467	162.757
408.264	344.024	283.765	164.010	163.246
408.202	282.680	283.988	164.554	163.736
408.140	254.988	284.183	165.098	164.225
408.078	204.405	284.351	165.642	164.714
408.016	231.198	284.490	166.188	165.203
407.954	262.142	284.601	166.733	165.693
407.892	154.434	284.684	167.279	166.182
407.830	242.999	284.740	167.825	166.671
407.768	258.290	284.768	168.371	167.160
407.706	376.540	284.769	168.918	167.650
407.643	282.269	284.744	169.465	168.139
407.581	262.350	284.693	170.012	168.628
407.519	218.795	284.617	170.560	169.117
407.457	334.215	284.517	171.107	169.607
407.395	302.636	284.394	171.654	170.096
407.333	245.447	284.248	172.201	170.585
407.271	222.483	284.080	172.748	171.074
407.209	238.238	283.892	173.295	171.564
407.147	276.058	283.683	173.841	172.053
407.085	293.155	283.455	174.387	172.542
407.023	325.235	283.209	174.933	173.031
406.961	251.896	282.944	175.477	173.521
406.899	291.678	282.661	176.021	174.010
406.836	258.819	282.362	176.564	174.499
406.774	264.546	282.044	177.106	174.988
406.712	265.608	281.710	177.647	175.478
406.650	248.222	281.359	178.188	175.967
406.588	307.602	280.990	178.727	176.456
406.526	209.760	280.605	179.264	176.945
406.464	265.288	280.201	179.801	177.435
406.402	256.755	279.781	180.336	177.924
406.340	218.070	279.342	180.870	178.413
406.278	312.144	278.885	181.403	178.902
406.216	230.587	278.409	181.935	179.392
406.154	273.985	277.915	182.465	179.881
406.091	262.375	277.402	182.993	180.370
406.029	259.447	276.870	183.521	180.859
405.967	204.466	276.318	184.047	181.349
405.905	211.053	275.747	184.572	181.838
405.843	231.044	275.157	185.095	182.327
405.781	228.534	274.548	185.617	182.816
405.719	213.796	273.920	186.138	183.306
405.657	232.435	273.274	186.657	183.795
405.595	254.965	272.609	187.175	184.284
405.533	151.980	271.928	187.691	184.773
405.471	336.703	271.230	188.206	185.263
405.409	353.610	270.516	188.720	185.752
405.347	389.593	269.787	189.232	186.241
405.284	250.372	269.045	189.742	186.730
405.222	135.332	268.290	190.251	187.220
405.160	283.532	267.525	190.758	187.709
405.098	256.420	266.750	191.264	188.198
405.036	280.859	265.969	191.767	188.687
404.974	203.439	265.181	192.268	189.177
404.912	276.018	264.391	192.766	189.666
404.850	281.391	263.600	193.262	190.155
404.788	172.543	262.812	193.754	190.644
404.726	273.814	262.030	194.243	191.134
404.664	250.934	261.257	194.727	191.623
404.602	274.802	260.500	195.205	192.112
404.539	209.282	259.764	195.675	192.601
404.477	330.319	259.058	196.137	193.091
404.415	224.146	258.393	196.586	193.580
404.353	171.983	257.784	197.019	194.069
404.291	198.364	257.256	197.430	194.559
404.229	238.953	256.841	197.813	195.048
404.167	250.953	256.591	198.158	195.537
404.105	373.472	256.575	198.460	196.026
404.043	229.925	256.869	198.725	196.516
403.981	206.906	257.528	198.977	197.005
403.919	253.015	258.548	199.245	197.494
403.857	244.915	259.867	199.552	197.983
403.795	268.266	261.404	199.900	198.473
403.732	284.807	263.086	200.284	198.962
403.670	218.044	264.859	200.696	199.451
403.608	237.426	266.683	201.128	199.940
403.546	291.514	268.529	201.576	200.430
403.484	249.947	270.374	202.034	200.919
403.422	165.550	272.200	202.502	201.408
403.360	366.664	273.992	202.975	201.897
403.298	212.561	275.737	203.454	202.387
403.236	208.215	277.424	203.938	202.876
403.174	240.650	279.041	204.424	203.365
403.112	205.903	280.581	204.913	203.854
403.050	199.988	282.034	205.405	204.344
402.987	245.089	283.393	205.898	204.833
402.925	231.904	284.653	206.394	205.322
402.863	304.743	285.806	206.891	205.811
402.801	305.534	286.849	207.389	206.301
402.739	335.183	287.777	207.889	206.790
402.677	361.838	288.587	208.391	207.279
402.615	237.677	289.279	208.893	207.768
402.553	361.516	289.849	209.397	208.258
402.491	225.996	290.299	209.902	208.747
402.429	182.808	290.628	210.408	209.236
402.367	250.233	290.840	210.916	209.725
402.305	350.296	290.936	211.425	210.215
402.242	375.146	290.920	211.935	210.704
402.180	247.547	290.796	212.448	211.193
402.118	381.965	290.571	212.962	211.682
402.056	314.731	290.251	213.478	212.172
401.994	235.926	289.844	213.996	212.661
401.932	245.159	289.357	214.516	213.150
401.870	215.402	288.801	215.039	213.639
401.808	203.988	288.185	215.565	214.129
401.746	200.868	287.520	216.094	214.618
401.684	310.872	286.819	216.626	215.107
401.622	239.449	286.094	217.163	215.596
401.560	193.721	285.358	217.704	216.086
401.498	332.344	284.626	218.249	216.575
401.435	226.572	283.913	218.799	217.064
401.373	218.601	283.234	219.355	217.553
401.311	286.570	282.603	219.916	218.043
401.249	228.084	282.036	220.483	218.532
401.187	307.681	281.547	221.055	219.021
401.125	367.963	281.147	221.631	219.510
401.063	245.009	280.846	222.211	220.000
401.001	238.686	280.652	222.794	220.489
400.939	242.299	280.565	223.377	220.978
400.877	215.225	280.584	223.959	221.467
400.815	352.487	280.703	224.540	221.957
400.753	390.380	280.913	225.116	222.446
400.690	182.308	281.202	225.687	222.935
400.628	281.642	281.556	226.253	223.424
400.566	195.221	281.959	226.813	223.914
400.504	402.525	282.398	227.366	224.403
400.442	275.114	282.859	227.913	224.892
400.380	218.805	283.327	228.454	225.381
400.318	260.587	283.791	228.989	225.871
400.256	227.559	284.240	229.519	226.360
400.194	233.230	284.665	230.043	226.849
400.132	255.002	285.057	230.562	227.338
400.070	314.354	285.408	231.076	227.828
400.008	304.672	285.713	231.586	228.317
399.946	222.886	285.967	232.090	228.806
399.883	249.445	286.167	232.589	229.295
399.821	228.246	286.311	233.084	229.785
399.759	228.183	286.397	233.573	230.274
399.697	383.657	286.428	234.056	230.763
399.635	258.391	286.404	234.534	231.252
399.573	257.794	286.331	235.004	231.742
399.511	210.024	286.214	235.468	232.231
399.449	388.787	286.063	235.923	232.720
399.387	232.311	285.886	236.371	233.209
399.325	262.594	285.697	236.809	233.699
399.263	335.188	285.511	237.238	234.188
399.201	224.339	285.344	237.659	234.677
399.138	307.792	285.211	238.072	235.166
399.076	326.995	285.128	238.479	235.656
399.014	315.453	285.104	238.884	236.145
398.952	215.892	285.148	239.289	236.634
398.890	334.957	285.259	239.698	237.123
398.828	307.324	285.433	240.112	237.613
398.766	237.911	285.663	240.535	238.102
398.704	155.433	285.937	240.966	238.591
398.642	304.447	286.244	241.406	239.080
398.580	246.707	286.575	241.856	239.570
398.518	346.435	286.919	242.314	240.059
398.456	227.326	287.269	242.780	240.548
398.394	313.375	287.619	243.253	241.037
398.331	281.836	287.965	243.732	241.527
398.269	247.393	288.306	244.217	242.016
398.207	236.258	288.640	244.706	242.505
398.145	290.334	288.968	245.200	242.995
398.083	371.018	289.291	245.698	243.484
398.021	264.802	289.612	246.199	243.973
397.959	313.065	289.934	246.704	244.462
397.897	247.821	290.260	247.211	244.952
397.835	198.624	290.596	247.720	245.441
397.773	292.924	290.943	248.231	245.930
397.711	213.725	291.307	248.744	246.419
397.649	278.974	291.690	249.258	246.909
397.586	325.736	292.096	249.774	247.398
397.524	298.314	292.528	250.291	247.887
397.462	181.275	292.987	250.808	248.376
397.400	399.147	293.474	251.326	248.866
397.338	260.412	293.989	251.845	249.355
397.276	310.903	294.531	252.364	249.844
397.214	289.674	295.098	252.883	250.333
397.152	148.590	295.687	253.402	250.823
397.090	281.376	296.294	253.921	251.312
397.028	231.404	296.912	254.440	251.801
396.966	177.342	297.536	254.959	252.290
396.904	197.813	298.158	255.478	252.780
396.842	177.379	298.770	255.996	253.269
396.779	282.904	299.362	256.513	253.758
396.717	270.866	299.925	257.031	254.247
396.655	356.416	300.447	257.547	254.737
396.593	209.427	300.917	258.064	255.226
396.531	323.440	301.325	258.580	255.715
396.469	226.159	301.659	259.095	256.204
396.407	257.248	301.906	259.611	256.694
396.345	250.988	302.055	260.126	257.183
396.283	276.488	302.095	260.640	257.672
396.221	257.636	302.015	261.155	258.161
396.159	322.674	301.805	261.669	258.651
396.097	330.017	301.455	262.184	259.140
396.034	241.352	300.957	262.699	259.629
395.972	381.922	300.303	263.214	260.118
395.910	215.646	299.488	263.731	260.608
395.848	430.303	298.506	264.248	261.097
395.786	270.352	297.355	264.768	261.586
395.724	241.110	296.035	265.290	262.075
395.662	322.291	294.545	265.816	262.565
395.600	293.893	292.892	266.348	263.054
395.538	202.773	291.084	266.888	263.543
395.476	334.906	289.135	267.443	264.032
395.414	283.179	287.074	268.022	264.522
395.352	280.430	284.954	268.646	265.011
395.289	282.211	282.901	269.363	265.500
395.227	307.940	281.256	270.274	265.989
395.165	245.945	280.747	271.405	266.479
395.103	265.555	281.660	272.423	266.968
395.041	202.864	283.320	273.203	267.457
394.979	288.658	285.245	273.855	267.946
394.917	284.441	287.252	274.447	268.436
394.855	183.448	289.270	275.007	268.925
394.793	273.635	291.263	275.549	269.414
394.731	272.940	293.211	276.080	269.903
394.669	285.103	295.101	276.603	270.393
394.607	299.865	296.925	277.121	270.882
394.545	217.154	298.674	277.636	271.371
394.482	145.032	300.343	278.148	271.860
394.420	184.379	301.929	278.658	272.350
394.358	316.454	303.428	279.166	272.839
394.296	311.600	304.838	279.673	273.328
394.234	195.810	306.157	280.180	273.817
394.172	266.764	307.386	280.685	274.307
394.110	246.340	308.524	281.190	274.796
394.048	317.673	309.572	281.695	275.285
393.986	284.147	310.531	282.200	275.774
393.924	312.432	311.402	282.704	276.264
393.862	417.795	312.189	283.209	276.753
393.800	357.255	312.893	283.713	277.242
393.737	250.602	313.518	284.219	277.731
393.675	276.595	314.067	284.724	278.221
393.613	223.282	314.543	285.230	278.710
393.551	253.149	314.951	285.738	279.199
393.489	294.874	315.295	286.246	279.688
393.427	358.124	315.580	286.755	280.178
393.365	247.884	315.810	287.266	280.667
393.303	253.057	315.990	287.779	281.156
393.241	278.886	316.128	288.295	281.645
393.179	345.800	316.229	288.813	282.135
393.117	282.569	316.301	289.335	282.624
393.055	375.560	316.354	289.860	283.113
392.993	240.390	316.397	290.392	283.602
392.930	269.463	316.445	290.929	284.092
392.868	332.132	316.515	291.475	284.581
392.806	217.501	316.627	292.031	285.070
392.744	317.211	316.812	292.599	285.559
392.682	301.296	317.107	293.182	286.049
392.620	325.528	317.557	293.783	286.538
392.558	351.347	318.221	294.404	287.027
392.496	216.234	319.160	295.044	287.516
392.434	349.596	320.427	295.700	288.006
392.372	219.243	322.049	296.364	288.495
392.310	346.406	324.006	297.026	288.984
392.248	307.310	326.230	297.675	289.473
392.185	274.743	328.619	298.305	289.963
392.123	306.545	331.060	298.914	290.452
392.061	298.823	333.446	299.503	290.941
391.999	164.547	335.683	300.075	291.430
391.937	300.110	337.695	300.632	291.920
391.875	313.812	339.418	301.176	292.409
391.813	323.584	340.802	301.710	292.898
391.751	287.791	341.807	302.235	293.388
391.689	344.428	342.401	302.753	293.877
391.627	280.788	342.561	303.264	294.366
391.565	354.474	342.270	303.769	294.855
391.503	321.007	341.518	304.270	295.345
391.441	311.395	340.301	304.765	295.834
391.378	290.475	338.621	305.254	296.323
391.316	278.519	336.488	305.739	296.812
391.254	298.479	333.915	306.217	297.302
391.192	213.622	330.925	306.688	297.791
391.130	290.845	327.547	307.151	298.280
391.068	347.295	323.821	307.604	298.769
391.006	311.794	319.795	308.043	299.259
390.944	385.100	315.537	308.464	299.748
390.882	300.765	311.135	308.860	300.237
390.820	285.377	306.716	309.221	300.726
390.758	234.902	302.462	309.535	301.216
390.696	344.725	298.626	309.795	301.705
390.633	260.908	295.502	310.008	302.194
390.571	269.674	293.302	310.213	302.683
390.509	274.419	292.033	310.452	303.173
390.447	354.586	291.542	310.745	303.662
390.385	375.447	291.648	311.088	304.151
390.323	254.788	292.214	311.468	304.640
390.261	213.364	293.153	311.875	305.130
390.199	254.291	294.405	312.301	305.619
390.137	346.494	295.935	312.740	306.108
390.075	312.058	297.715	313.189	306.597
390.013	355.265	299.724	313.646	307.087
389.951	228.189	301.943	314.107	307.576
389.889	306.080	304.355	314.573	308.065
389.826	211.145	306.942	315.042	308.554
389.764	314.678	309.684	315.514	309.044
389.702	314.828	312.563	315.987	309.533
389.640	244.230	315.556	316.462	310.022
389.578	234.785	318.639	316.938	310.511
389.516	208.819	321.789	317.415	311.001
389.454	301.183	324.977	317.893	311.490
389.392	290.385	328.175	318.371	311.979
389.330	212.361	331.354	318.850	312.468
389.268	300.001	334.483	319.328	312.958
389.206	275.727	337.528	319.807	313.447
389.144	392.155	340.458	320.286	313.936
389.081	313.094	343.238	320.764	314.425
389.019	381.443	345.836	321.242	314.915
388.957	297.986	348.217	321.719	315.404
388.895	257.424	350.350	322.196	315.893
388.833	263.846	352.203	322.671	316.382
388.771	304.801	353.745	323.144	316.872
388.709	294.495	354.950	323.616	317.361
388.647	290.593	355.792	324.085	317.850
388.585	359.475	356.250	324.550	318.339
388.523	283.293	356.309	325.009	318.829
388.461	303.402	355.960	325.461	319.318
388.399	344.534	355.203	325.902	319.807
388.336	317.269	354.055	326.326	320.296
388.274	313.122	352.564	326.719	320.786
388.212	349.670	350.844	327.059	321.275
388.150	430.868	349.167	327.297	321.764
388.088	292.007	348.182	327.360	322.253
388.026	343.196	348.856	327.298	322.743
387.964	273.604	351.175	327.353	323.232
387.902	408.213	354.112	327.585	323.721
387.840	200.937	356.948	327.922	324.210
387.778	281.220	359.359	328.314	324.700
387.716	280.205	361.189	328.736	325.189
387.654	244.573	362.354	329.177	325.678
387.592	311.488	362.801	329.629	326.167
387.529	242.336	362.497	330.088	326.657
387.467	339.674	361.426	330.553	327.146
387.405	263.243	359.579	331.022	327.635
387.343	210.114	356.961	331.494	328.124
387.281	256.294	353.584	331.968	328.614
387.219	158.763	349.469	332.443	329.103
387.157	251.570	344.646	332.920	329.592
387.095	282.014	339.154	333.397	330.081
387.033	278.908	333.040	333.875	330.571
386.971	345.872	326.357	334.353	331.060
386.909	210.475	319.166	334.831	331.549
386.847	330.126	311.537	335.309	332.038
386.784	386.103	303.542	335.784	332.528
386.722	375.210	295.264	336.253	333.017
386.660	323.022	286.792	336.707	333.506
386.598	387.924	278.255	337.063	333.995
386.536	300.989	276.704	334.881	334.485
386.474	296.483	285.989	335.174	334.974
386.412	331.934	297.366	335.624	335.463
386.350	198.316	310.891	336.094	335.952
386.288	396.312	326.677	336.571	336.442
386.226	305.326	344.835	337.050	336.931
386.164	330.000	365.471	337.531	337.420
386.102	458.906	388.686	338.014	337.909
386.040	496.436	414.573	338.497	338.399
385.977	415.413	443.219	338.980	338.888
385.915	440.936	474.701	339.464	339.377
385.853	539.509	509.088	339.948	339.866
385.791	401.087	546.439	340.433	340.356
385.729	392.037	586.805	340.917	340.845
385.667	412.977	630.224	341.402	341.334
385.605	299.509	676.726	341.887	341.823
385.543	379.976	726.331	342.372	342.313
385.481	392.544	779.046	342.857	342.802
385.419	312.267	834.871	343.342	343.291
385.357	620.426	893.791	343.828	343.781
385.295	563.513	955.785	344.313	344.270
385.232	939.710	1020.819	344.799	344.759
385.170	1035.522	1088.851	345.285	345.248
385.108	1131.534	1159.829	345.771	345.737
385.046	1040.064	1233.691	346.257	346.227
384.984	1053.868	1310.369	346.743	346.716
384.922	896.036	1389.786	347.229	347.205
384.860	638.491	1471.858	347.715	347.695
384.798	623.411	1556.495	348.201	348.184
384.736	356.595	1643.603	348.687	348.673
384.674	358.886	1733.081	349.174	349.162
384.612	658.614	1824.825	349.660	349.651
384.550	877.443	1918.732	350.147	350.141
384.488	1440.127	2014.691	350.634	350.630
384.425	1762.878	2112.597	351.121	351.119
384.363	1918.440	2212.340	351.607	351.609
384.301	2092.612	2313.815	352.094	352.098
384.239	2104.462	2416.918	352.582	352.587
384.177	1777.492	2521.548	353.069	353.076
384.115	1413.130	2627.609	353.556	353.565
384.053	946.595	2735.009	354.043	354.055
383.991	492.133	2843.665	354.531	354.544
383.929	380.043	2953.497	355.018	355.033
383.867	718.856	3064.437	355.506	355.523
383.805	1085.784	3176.421	355.994	356.012
383.743	1761.636	3289.397	356.481	356.501
383.680	2686.482	3403.321	356.969	356.990
383.618	3267.395	3518.161	357.457	357.479
383.556	3551.502	3633.893	357.945	357.969
383.494	3687.025	3750.505	358.434	358.458
383.432	3333.521	3867.995	358.922	358.947
383.370	2748.403	3986.372	359.410	359.437
383.308	1860.502	4105.657	359.898	359.926
383.246	1310.711	4225.879	360.387	360.415
383.184	806.209	4347.079	360.875	360.904
383.122	614.172	4469.310	361.364	361.393
383.060	968.834	4592.630	361.852	361.883
382.998	1650.400	4717.109	362.341	362.372
382.936	2881.163	4842.826	362.830	362.861
382.873	3958.897	4969.866	363.319	363.351
382.811	4993.326	5098.321	363.807	363.840
382.749	5476.888	5228.289	364.296	364.329
382.687	5335.591	5359.874	364.785	364.818
382.625	4928.642	5493.184	365.274	365.307
382.563	3837.049	5628.330	365.763	365.797
382.501	2941.814	5765.423	366.252	366.286
382.439	1613.872	5904.578	366.741	366.775
382.377	891.010	6045.908	367.230	367.265
382.315	711.864	6189.526	367.719	367.754
382.253	1428.811	6335.542	368.208	368.243
382.191	2335.641	6484.063	368.697	368.732
382.128	3966.358	6635.190	369.186	369.221
382.066	5405.066	6789.022	369.675	369.711
382.004	6728.962	6945.648	370.165	370.200
381.942	7206.039	7105.154	370.654	370.689
381.880	7044.143	7267.615	371.143	371.179
381.818	6037.576	7433.099	371.632	371.668
381.756	4839.945	7601.665	372.121	372.157
381.694	3210.508	7773.361	372.610	372.646
381.632	1809.910	7948.226	373.099	373.135
381.570	1071.706	8126.290	373.589	373.625
381.508	942.364	8307.571	374.078	374.114
381.446	1927.378	8492.078	374.567	374.603
381.383	3335.317	8679.808	375.056	375.093
381.321	5399.251	8870.749	375.545	375.582
381.259	7186.170	9064.880	376.034	376.071
381.197	8739.419	9262.170	376.523	376.560
381.135	9072.879	9462.580	377.013	377.049
381.073	9138.456	9666.062	377.502	377.539
381.011	7603.586	9872.563	377.991	378.028
380.949	5820.707	10082.023	378.480	378.517
380.887	3625.481	10294.375	378.969	379.007
380.825	1923.298	10509.552	379.459	379.496
380.763	1025.402	10727.481	379.948	379.985
380.701	1176.913	10948.090	380.437	380.474
380.639	2479.676	11171.304	380.926	380.963
380.576	4449.009	11397.053	381.416	381.453
380.514	7084.541	11625.267	381.905	381.942
380.452	9372.141	11855.881	382.394	382.431
380.390	11290.787	12088.835	382.884	382.921
380.328	11834.094	12324.076	383.373	383.410
380.266	11629.774	12561.561	383.862	383.899
380.204	9781.703	12801.253	384.352	384.388
380.142	6829.248	13043.130	384.841	384.877
380.080	4109.082	13287.178	385.331	385.367
380.018	2100.300	13533.400	385.821	385.856
379.956	1199.457	13781.809	386.310	386.345
379.894	1828.348	14032.437	386.800	386.835
379.831	3499.912	14285.328	387.290	387.324
379.769	6357.130	14540.545	387.779	387.813
379.707	9774.609	14798.167	388.269	388.302
379.645	12469.352	15058.289	388.759	388.791
379.583	15017.623	15321.023	389.249	389.281
379.521	15070.041	15586.500	389.739	389.770
379.459	14073.465	15854.866	390.229	390.259
379.397	11549.738	16126.283	390.719	390.749
379.335	8024.822	16400.930	391.209	391.238
379.273	4928.384	16678.999	391.699	391.727
379.211	2248.068	16960.698	392.189	392.216
379.149	1627.930	17246.245	392.679	392.705
379.087	2412.181	17535.873	393.170	393.195
379.024	5098.167	17829.819	393.660	393.684
378.962	9173.716	18128.334	394.150	394.173
378.900	13779.728	18431.670	394.640	394.663
378.838	17397.558	18740.086	395.131	395.152
378.776	19672.067	19053.843	395.621	395.641
378.714	20594.533	19373.200	396.112	396.130
378.652	18294.365	19698.414	396.602	396.619
378.590	14451.264	20029.738	397.093	397.109
378.528	9486.129	20367.415	397.583	397.598
378.466	5300.297	20711.681	398.074	398.087
378.404	2562.767	21062.756	398.564	398.577
378.342	1817.475	21420.847	399.055	399.066
378.279	3175.046	21786.144	399.546	399.555
378.217	6797.298	22158.815	400.036	400.044
378.155	11942.312	22539.006	400.527	400.533
378.093	17188.674	22926.838	401.017	401.023
378.031	21464.587	23322.405	401.508	401.512
377.969	23918.791	23725.773	401.998	402.001
377.907	23978.303	24136.976	402.489	402.491
377.845	20174.252	24556.013	402.980	402.980
377.783	15943.249	24982.854	403.470	403.469
377.721	10113.778	25417.427	403.961	403.958
377.659	5389.660	25859.627	404.451	404.448
377.597	2507.945	26309.311	404.942	404.937
377.535	2091.541	26766.296	405.432	405.426
377.472	4555.962	27230.360	405.923	405.915
377.410	9476.570	27701.245	406.413	406.405
377.348	15631.802	28178.649	406.903	406.894
377.286	21727.178	28662.235	407.394	407.383
377.224	26801.722	29151.628	407.884	407.872
377.162	28831.178	29646.415	408.374	408.362
377.100	28033.757	30146.146	408.865	408.851
377.038	24112.072	30650.340	409.355	409.340
376.976	17435.013	31158.479	409.845	409.829
376.914	11236.689	31670.019	410.335	410.319
376.852	6006.575	32184.384	410.826	410.808
376.790	2676.758	32700.974	411.316	411.297
376.727	2719.503	33219.164	411.806	411.786
376.665	5997.067	33738.310	412.296	412.276
376.603	11514.734	34257.749	412.786	412.765
376.541	19775.773	34776.804	413.276	413.254
376.479	27481.468	35294.788	413.766	413.743
376.417	33192.348	35811.005	414.256	414.233
376.355	34603.329	36324.754	414.746	414.722
376.293	33275.480	36835.335	415.236	415.211
376.231	28025.159	37342.049	415.726	415.700
376.169	20471.764	37844.204	416.216	416.190
376.107	12796.693	38341.118	416.705	416.679
376.045	5880.134	38832.121	417.195	417.168
375.983	2762.192	39316.560	417.685	417.657
375.920	3861.132	39793.802	418.175	418.147
375.858	9194.315	40263.238	418.665	418.636
375.796	18243.453	40724.281	419.154	419.125
375.734	28154.238	41176.376	419.644	419.614
375.672	37288.329	41619.000	420.134	420.104
375.610	43431.669	42051.659	420.623	420.593
375.548	45081.935	42473.899	421.113	421.082
375.486	41599.359	42885.301	421.603	421.571
375.424	34052.829	43285.486	422.092	422.061
375.362	23456.980	43674.115	422.582	422.550
375.300	13571.226	44050.891	423.071	423.039
375.238	6025.287	44415.556	423.561	423.528
375.175	3046.107	44767.899	424.051	424.018
375.113	5136.662	45107.746	424.540	424.507
375.051	11119.325	45434.969	425.030	424.996
374.989	20373.555	45749.480	425.519	425.485
374.927	30063.569	46051.231	426.008	425.975
374.865	38632.042	46340.212	426.498	426.464
374.803	43364.411	46616.454	426.987	426.953
374.741	44602.322	46880.021	427.477	427.442
374.679	40074.892	47131.011	427.966	427.932
374.617	32368.969	47369.555	428.456	428.421
374.555	21880.046	47595.810	428.945	428.910
374.493	12610.950	47809.962	429.434	429.399
374.431	5596.111	48012.218	429.924	429.889
374.368	3215.078	48202.806	430.413	430.378
374.306	6277.988	48381.969	430.902	430.867
374.244	13773.615	48549.966	431.391	431.356
374.182	25402.402	48707.062	431.881	431.846
374.120	36763.159	48853.531	432.370	432.335
374.058	45971.027	48989.649	432.859	432.824
373.996	50907.606	49115.690	433.348	433.313
373.934	50277.369	49231.924	433.837	433.803
373.872	44229.392	49338.613	434.327	434.292
373.810	35046.808	49436.010	434.816	434.781
373.748	22232.468	49524.349	435.305	435.270
373.686	12353.708	49603.850	435.794	435.760
373.623	5278.781	49674.710	436.283	436.249
373.561	3526.125	49737.106	436.772	436.738
373.499	7276.276	49791.186	437.261	437.227
373.437	15120.692	49837.071	437.750	437.717
373.375	25382.227	49874.854	438.239	438.206
373.313	36960.712	49904.594	438.728	438.695
373.251	43772.515	49926.317	439.217	439.184
373.189	48424.302	49940.018	439.706	439.674
373.127	46185.420	49945.654	440.194	440.163
373.065	39835.488	49943.150	440.683	440.652
373.003	30567.148	49932.392	441.172	441.141
372.941	19908.757	49913.235	441.661	441.631
372.878	10228.716	49885.497	442.150	442.120
372.816	4353.598	49848.966	442.638	442.609
372.754	3641.553	49803.393	443.127	443.098
372.692	7517.740	49748.504	443.616	443.588
372.630	16224.550	49683.994	444.104	444.077
372.568	26688.767	49609.532	444.593	444.566
372.506	37614.039	49524.762	445.081	445.055
372.444	45645.136	49429.311	445.570	445.545
372.382	48330.223	49322.785	446.058	446.034
372.320	47072.306	49204.775	446.547	446.523
372.258	39589.721	49074.862	447.035	447.012
372.196	30032.325	48932.620	447.524	447.502
372.134	19379.454	48777.618	448.012	447.991
372.071	9389.856	48609.425	448.501	448.480
372.009	4263.170	48427.613	448.989	448.969
371.947	4058.232	48231.763	449.477	449.459
371.885	8795.917	48021.466	449.966	449.948
371.823	18156.378	47796.332	450.454	450.437
371.761	28834.928	47555.986	450.942	450.926
371.699	38524.770	47300.079	451.430	451.416
371.637	45794.183	47028.289	451.919	451.905
371.575	45819.871	46740.324	452.407	452.394
371.513	43797.485	46435.926	452.895	452.884
371.451	35907.391	46114.874	453.383	453.373
371.389	25715.618	45776.989	453.871	453.862
371.326	16147.014	45422.132	454.360	454.351
371.264	7636.336	45050.212	454.848	454.841
371.202	3630.381	44661.184	455.336	455.330
371.140	4088.318	44255.055	455.824	455.819
371.078	9003.572	43831.881	456.312	456.308
371.016	17402.217	43391.772	456.800	456.798
370.954	27821.853	42934.890	457.289	457.287
370.892	36901.466	42461.451	457.777	457.776
370.830	43198.186	41971.729	458.265	458.265
370.768	43793.914	41466.047	458.753	458.755
370.706	40836.510	40944.784	459.241	459.244
370.644	32990.875	40408.373	459.729	459.733
370.582	22811.332	39857.298	460.217	460.222
370.519	13329.697	39292.092	460.705	460.712
370.457	6259.410	38713.338	461.193	461.201
370.395	2893.980	38121.665	461.682	461.690
370.333	3886.783	37517.745	462.170	462.179
370.271	7772.806	36902.293	462.658	462.669
370.209	14866.566	36276.060	463.146	463.158
370.147	21969.467	35639.834	463.634	463.647
370.085	28322.615	34994.434	464.122	464.136
370.023	32009.179	34340.708	464.611	464.626
369.961	31954.077	33679.526	465.099	465.115
369.899	28320.468	33011.781	465.587	465.604
369.837	23339.571	32338.382	466.075	466.093
369.774	15323.230	31660.250	466.564	466.583
369.712	9091.750	30978.315	467.052	467.072
369.650	4024.218	30293.511	467.540	467.561
369.588	2354.587	29606.771	468.028	468.050
369.526	3910.282	28919.028	468.517	468.540
369.464	6981.788	28231.202	469.005	469.029
369.402	12487.061	27544.206	469.494	469.518
369.340	17671.244	26858.934	469.982	470.007
369.278	22340.817	26176.262	470.471	470.497
369.216	24003.446	25497.044	470.959	470.986
369.154	22895.002	24822.108	471.448	471.475
369.092	20496.101	24152.251	471.936	471.964
369.030	15846.996	23488.242	472.425	472.454
368.967	10615.552	22830.811	472.913	472.943
368.905	5990.051	22180.653	473.402	473.432
368.843	2943.250	21538.426	473.891	473.921
368.781	1827.815	20904.745	474.379	474.411
368.719	2753.304	20280.182	474.868	474.900
368.657	5592.978	19665.267	475.357	475.389
368.595	9201.765	19060.485	475.846	475.878
368.533	13263.685	18466.276	476.335	476.368
368.471	16485.236	17883.034	476.824	476.857
368.409	18200.065	17311.108	477.313	477.346
368.347	16712.138	16750.800	477.802	477.835
368.285	15046.092	16202.369	478.291	478.325
368.222	11569.324	15666.028	478.780	478.814
368.160	7394.369	15141.947	479.269	479.303
368.098	4207.469	14630.254	479.758	479.792
368.036	2142.032	14131.038	480.247	480.282
367.974	1447.978	13644.346	480.736	480.771
367.912	2295.556	13170.188	481.226	481.260
367.850	4186.650	12708.542	481.715	481.749
367.788	6852.920	12259.349	482.204	482.239
367.726	9481.712	11822.520	482.694	482.728
367.664	10904.424	11397.938	483.183	483.217
367.602	11739.119	10985.460	483.673	483.706
367.540	11065.245	10584.919	484.162	484.196
367.478	8971.273	10196.126	484.652	484.685
367.415	6662.439	9818.874	485.141	485.174
367.353	4194.003	9452.941	485.631	485.663
367.291	2407.100	9098.088	486.121	486.153
367.229	1278.151	8754.070	486.610	486.642
367.167	877.156	8420.628	487.100	487.131
367.105	1678.954	8097.500	487.589	487.620
367.043	2939.536	7784.420	488.079	488.110
366.981	4262.429	7481.118	488.569	488.599
366.919	5654.640	7187.325	489.058	489.088
366.857	6526.955	6902.775	489.548	489.577
366.795	6543.325	6627.204	490.038	490.067
366.733	6309.851	6360.354	490.527	490.556
366.670	5123.635	6101.974	491.017	491.045
366.608	3626.667	5851.820	491.507	491.534
366.546	2347.134	5609.658	491.996	492.024
366.484	1420.260	5375.262	492.486	492.513
366.422	864.083	5148.419	492.975	493.002
366.360	838.130	4928.925	493.465	493.491
366.298	1086.534	4716.589	493.954	493.981
366.236	2039.149	4511.231	494.444	494.470
366.174	2640.837	4312.683	494.933	494.959
366.112	3134.012	4120.789	495.422	495.448
366.050	3417.686	3935.402	495.912	495.938
365.988	3489.653	3756.389	496.401	496.427
365.925	2971.787	3583.626	496.890	496.916
365.863	2381.772	3417.000	497.380	497.405
365.801	1876.605	3256.404	497.869	497.895
365.739	1225.649	3101.742	498.358	498.384
365.677	727.620	2952.926	498.847	498.873
365.615	493.292	2809.871	499.336	499.362
365.553	497.001	2672.500	499.825	499.852
365.491	822.646	2540.740	500.314	500.341
365.429	1080.158	2414.520	500.803	500.830
365.367	1487.262	2293.772	501.292	501.319
365.305	1697.042	2178.429	501.781	501.809
365.243	1785.855	2068.424	502.270	502.298
365.181	1729.812	1963.688	502.759	502.787
365.118	1623.815	1864.152	503.249	503.277
365.056	1194.254	1769.741	503.738	503.766
364.994	842.739	1680.381	504.227	504.255
364.932	674.766	1595.987	504.716	504.744
364.870	387.091	1516.475	505.206	505.234
364.808	502.735	1441.751	505.695	505.723
364.746	397.081	1371.716	506.185	506.212
364.684	423.702	1306.264	506.674	506.701
364.622	696.848	1245.282	507.164	507.191
364.560	832.933	1188.649	507.654	507.680
364.498	1050.808	1136.237	508.144	508.169
364.436	942.803	1087.910	508.634	508.658
364.373	977.136	1043.526	509.125	509.148
364.311	939.821	1002.934	509.615	509.637
364.249	883.957	965.976	510.106	510.126
364.187	640.281	932.490	510.597	510.615
364.125	538.685	902.306	511.088	511.105
364.063	419.061	875.248	511.579	511.594
364.001	411.310	851.136	512.070	512.083
363.939	466.134	829.786	512.561	512.572
363.877	456.360	811.010	513.052	513.062
363.815	716.478	794.619	513.543	513.551
363.753	941.155	780.421	514.035	514.040
363.691	993.796	768.223	514.526	514.529
363.629	1150.478	757.834	515.016	515.019
363.566	1140.385	749.063	515.507	515.508
363.504	1022.389	741.721	515.997	515.997
363.442	894.253	735.624	516.487	516.486
363.380	717.168	730.589	516.976	516.976
363.318	586.846	726.443	517.464	517.465
363.256	378.964	723.015	517.952	517.954
363.194	441.877	720.143	518.438	518.443
363.132	377.929	717.672	518.924	518.933
363.070	452.198	715.457	519.409	519.422
363.008	555.358	713.361	519.892	519.911
362.946	682.256	711.257	520.375	520.400
362.884	836.509	709.030	520.856	520.890
362.821	747.240	706.573	521.337	521.379
362.759	568.979	703.792	521.816	521.868
362.697	594.650	700.603	522.295	522.357
362.635	537.116	696.934	522.772	522.847
362.573	574.584	692.724	523.250	523.336
362.511	310.473	687.921	523.726	523.825
362.449	341.008	682.487	524.203	524.314
362.387	351.498	676.393	524.679	524.804
362.325	398.051	669.621	525.155	525.293
362.263	345.363	662.163	525.632	525.782
362.201	322.246	654.021	526.108	526.271
362.139	420.324	645.208	526.584	526.761
362.077	397.951	635.742	527.061	527.250
362.014	402.496	625.653	527.538	527.739
361.952	378.379	614.977	528.016	528.228
361.890	592.164	603.759	528.494	528.718
361.828	283.834	592.048	528.972	529.207
361.766	308.503	579.901	529.450	529.696
361.704	364.477	567.377	529.929	530.185
361.642	313.100	554.543	530.408	530.675
361.580	318.584	541.466	530.888	531.164
361.518	366.502	528.216	531.367	531.653
361.456	337.314	514.867	531.847	532.142
361.394	456.934	501.492	532.328	532.632
361.332	378.496	488.164	532.808	533.121
361.269	309.175	474.955	533.289	533.610
361.207	500.171	461.936	533.770	534.099
361.145	336.546	449.178	534.251	534.589
361.083	458.705	436.745	534.733	535.078
361.021	432.123	424.701	535.214	535.567
360.959	426.942	413.104	535.696	536.056
360.897	350.772	402.008	536.178	536.546
360.835	426.513	391.464	536.660	537.035
360.773	418.280	381.515	537.142	537.524
360.711	386.116	372.200	537.624	538.013
360.649	319.884	363.551	538.107	538.503
360.587	374.735	355.595	538.589	538.992
360.525	489.454	348.353	539.072	539.481
360.462	421.297	341.838	539.555	539.970
360.400	316.549	336.059	540.039	540.460
360.338	350.173	331.017	540.523	540.949
360.276	433.735	326.709	541.009	541.438
360.214	444.375	323.126	541.497	541.927
360.152	361.689	320.252	541.993	542.417
360.090	408.603	318.070	542.513	542.906
360.028	386.347	316.667	543.557	543.395
359.966	335.224	323.423	546.424	543.884
359.904	421.390	331.710	546.962	544.374
359.842	532.065	340.220	547.459	544.863
359.780	334.711	348.860	547.947	545.352
359.717	422.129	357.548	548.432	545.841
359.655	415.192	366.200	548.914	546.331
359.593	320.175	374.734	549.395	546.820
359.531	362.260	383.073	549.875	547.309
359.469	295.780	391.141	550.354	547.798
359.407	402.883	398.866	550.833	548.288
359.345	358.516	406.181	551.310	548.777
359.283	449.312	413.024	551.787	549.266
359.221	253.969	419.339	552.262	549.755
359.159	297.650	425.076	552.737	550.245
359.097	378.937	430.190	553.211	550.734
359.035	409.899	434.646	553.684	551.223
358.972	208.905	438.412	554.156	551.713
358.910	433.974	441.466	554.626	552.202
358.848	365.395	443.794	555.094	552.691
358.786	302.498	445.389	555.561	553.180
358.724	382.689	446.251	556.025	553.669
358.662	390.562	446.388	556.488	554.159
358.600	319.716	445.817	556.947	554.648
358.538	345.302	444.561	557.403	555.137
358.476	353.987	442.653	557.855	555.627
358.414	353.425	440.132	558.302	556.116
358.352	390.799	437.044	558.744	556.605
358.290	353.748	433.447	559.179	557.094
358.228	466.442	429.403	559.606	557.583
358.165	277.831	424.986	560.023	558.073
358.103	358.909	420.278	560.429	558.562
358.041	400.292	415.371	560.821	559.051
357.979	408.363	410.368	561.198	559.541
357.917	329.114	405.378	561.558	560.030
357.855	372.166	400.514	561.903	560.519
357.793	267.907	395.878	562.235	561.008
357.731	297.568	391.550	562.559	561.497
357.669	346.588	387.574	562.885	561.987
357.607	324.570	383.960	563.219	562.476
357.545	313.477	380.685	563.565	562.965
357.483	425.948	377.712	563.928	563.455
357.420	363.435	375.003	564.306	563.944
357.358	396.779	372.528	564.699	564.433
357.296	338.214	370.262	565.104	564.922
357.234	446.177	368.193	565.520	565.411
357.172	317.823	366.313	565.945	565.901
357.110	355.167	364.619	566.377	566.390
357.048	387.780	363.114	566.814	566.879
356.986	317.869	361.801	567.257	567.369
356.924	345.150	360.684	567.703	567.858
356.862	321.793	359.767	568.152	568.347
356.800	441.200	359.054	568.603	568.836
356.738	393.645	358.548	569.056	569.325
356.676	390.783	358.251	569.510	569.815
356.613	310.074	358.162	569.965	570.304
356.551	273.045	358.279	570.420	570.793
356.489	400.149	358.600	570.874	571.283
356.427	345.782	359.119	571.328	571.772
356.365	348.287	359.830	571.781	572.261
356.303	319.243	360.725	572.231	572.750
356.241	468.738	361.795	572.679	573.239
356.179	321.588	363.031	573.123	573.729
356.117	259.973	364.423	573.562	574.218
356.055	399.732	365.962	573.994	574.707
355.993	456.075	367.640	574.418	575.197
355.931	296.709	369.453	574.831	575.686
355.868	451.874	371.399	575.229	576.175
355.806	252.513	373.487	575.607	576.664
355.744	336.536	375.736	575.959	577.153
355.682	428.370	378.179	576.280	577.643
355.620	412.754	380.861	576.566	578.132
355.558	491.288	383.827	576.823	578.621
355.496	355.948	387.090	577.068	579.111
355.434	317.019	390.598	577.326	579.600
355.372	510.676	394.248	577.612	580.089
355.310	420.411	397.912	577.933	580.578
355.248	434.211	401.476	578.285	581.067
355.186	427.757	404.846	578.663	581.557
355.124	323.650	407.953	579.061	582.046
355.061	371.663	410.742	579.473	582.535
354.999	292.690	413.173	579.897	583.025
354.937	425.673	415.216	580.329	583.514
354.875	470.728	416.850	580.767	584.003
354.813	318.677	418.060	581.210	584.492
354.751	313.785	418.838	581.656	584.981
354.689	325.678	419.181	582.105	585.471
354.627	377.569	419.090	582.555	585.960
354.565	397.849	418.573	583.006	586.449
354.503	363.830	417.641	583.457	586.939
354.441	393.028	416.309	583.907	587.428
354.379	408.115	414.597	584.355	587.917
354.316	262.812	412.529	584.801	588.406
354.254	528.010	410.133	585.243	588.895
354.192	415.204	407.438	585.679	589.385
354.130	373.638	404.481	586.107	589.874
354.068	375.733	401.303	586.522	590.363
354.006	366.544	397.951	586.920	590.853
353.944	421.723	394.485	587.292	591.342
353.882	377.685	390.983	587.623	591.831
353.820	410.236	387.558	587.895	592.320
353.758	305.864	384.371	588.089	592.809
353.696	333.748	381.615	588.221	593.299
353.634	282.284	379.401	588.357	593.788
353.572	351.597	377.675	588.559	594.277
353.509	364.062	376.306	588.837	594.767
353.447	368.884	375.192	589.172	595.256
353.385	382.556	374.271	589.547	595.745
353.323	383.780	373.515	589.947	596.234
353.261	295.613	372.908	590.364	596.723
353.199	388.241	372.443	590.793	597.213
353.137	469.053	372.117	591.231	597.702
353.075	308.942	371.929	591.674	598.191
353.013	477.214	371.879	592.121	598.681
352.951	351.314	371.964	592.572	599.170
352.889	276.283	372.185	593.025	599.659
352.827	353.031	372.537	593.480	600.148
352.764	365.167	373.018	593.935	600.637
352.702	379.059	373.624	594.392	601.127
352.640	378.641	374.349	594.849	601.616
352.578	352.664	375.189	595.306	602.105
352.516	332.541	376.135	595.763	602.595
352.454	440.296	377.180	596.219	603.084
352.392	349.747	378.316	596.675	603.573
352.330	427.604	379.535	597.130	604.062
352.268	439.500	380.826	597.585	604.551
352.206	314.568	382.180	598.039	605.041
352.144	425.799	383.586	598.491	605.530
352.082	373.724	385.036	598.942	606.019
352.019	337.835	386.517	599.393	606.509
351.957	558.465	388.020	599.841	606.998
351.895	397.937	389.534	600.289	607.487
351.833	298.979	391.049	600.735	607.976
351.771	284.886	392.553	601.180	608.465
351.709	291.807	394.038	601.623	608.955
351.647	388.198	395.492	602.065	609.444
351.585	371.956	396.905	602.506	609.933
351.523	308.002	398.268	602.946	610.423
351.461	500.327	399.571	603.385	610.912
351.399	337.847	400.804	603.823	611.401
351.337	357.398	401.957	604.261	611.890
351.275	447.584	403.021	604.698	612.379
351.212	337.927	403.987	605.135	612.869
351.150	236.331	404.847	605.573	613.358
351.088	405.728	405.592	606.011	613.847
351.026	377.898	406.214	606.449	614.337
350.964	417.968	406.707	606.888	614.826
350.902	404.361	407.066	607.328	615.315
350.840	438.890	407.285	607.769	615.804
350.778	279.189	407.362	608.211	616.294
350.716	430.584	407.294	608.653	616.783
350.654	312.696	407.081	609.097	617.272
350.592	368.116	406.725	609.541	617.761
350.530	488.458	406.227	609.986	618.251
350.467	282.481	405.593	610.432	618.740
350.405	336.095	404.829	610.877	619.229
350.343	347.196	403.943	611.323	619.718
350.281	323.329	402.944	611.768	620.208
350.219	402.631	401.844	612.212	620.697
350.157	345.208	400.656	612.654	621.186
350.095	295.592	399.394	613.094	621.675
350.033	406.218	398.074	613.531	622.165
349.971	490.011	396.715	613.964	622.654
349.909	241.565	395.336	614.393	623.143
349.847	421.759	393.961	614.815	623.632
349.785	420.942	392.614	615.230	624.122
349.723	393.541	391.321	615.637	624.611
349.660	424.026	390.115	616.034	625.100
349.598	405.323	389.025	616.421	625.589
349.536	409.803	388.087	616.799	626.079
349.474	311.900	387.332	617.169	626.568
349.412	408.331	386.789	617.534	627.057
349.350	457.864	386.479	617.898	627.546
349.288	296.440	386.412	618.266	628.036
349.226	542.238	386.589	618.642	628.525
349.164	472.624	387.004	619.029	629.014
349.102	214.262	387.642	619.427	629.503
349.040	485.432	388.489	619.838	629.993
348.978	508.841	389.527	620.260	630.482
348.915	255.332	390.741	620.693	630.971
348.853	412.344	392.116	621.136	631.460
348.791	395.661	393.637	621.587	631.950
348.729	434.574	395.292	622.045	632.439
348.667	490.209	397.068	622.509	632.928
348.605	411.075	398.954	622.979	633.417
348.543	307.340	400.937	623.453	633.907
348.481	274.658	403.006	623.931	634.396
348.419	350.852	405.150	624.412	634.885
348.357	315.263	407.357	624.896	635.374
348.295	557.712	409.615	625.383	635.864
348.233	324.654	411.913	625.871	636.353
348.171	371.568	414.237	626.362	636.842
348.108	317.296	416.577	626.854	637.331
348.046	385.001	418.919	627.348	637.821
347.984	393.217	421.252	627.843	638.310
347.922	465.611	423.564	628.338	638.799
347.860	367.237	425.842	628.835	639.288
347.798	451.439	428.075	629.332	639.778
347.736	409.193	430.252	629.830	640.267
347.674	285.123	432.361	630.328	640.756
347.612	358.186	434.393	630.827	641.245
347.550	260.666	436.336	631.326	641.735
347.488	297.031	438.183	631.825	642.224
347.426	283.440	439.923	632.325	642.713
347.363	432.516	441.550	632.825	643.202
347.301	384.982	443.056	633.324	643.692
347.239	449.785	444.435	633.824	644.181
347.177	455.580	445.682	634.325	644.670
347.115	366.406	446.792	634.825	645.159
347.053	503.192	447.764	635.325	645.649
346.991	420.581	448.593	635.825	646.138
346.929	348.226	449.280	636.325	646.627
346.867	267.161	449.823	636.825	647.116
346.805	452.114	450.225	637.325	647.606
346.743	287.449	450.486	637.825	648.095
346.681	381.965	450.610	638.325	648.584
346.618	385.742	450.600	638.825	649.073
346.556	419.646	450.462	639.325	649.563
346.494	477.334	450.200	639.825	650.052
346.432	444.709	449.822	640.325	650.541
346.370	432.391	449.334	640.824	651.030
346.308	448.872	448.744	641.324	651.520
346.246	543.141	448.061	641.824	652.009
346.184	497.497	447.293	642.324	652.498
346.122	375.307	446.450	642.823	652.987
346.060	388.952	445.541	643.323	653.477
345.998	456.794	444.575	643.822	653.966
345.936	382.933	443.564	644.322	654.455
345.874	384.452	442.517	644.821	654.944
345.811	390.017	441.443	645.321	655.434
345.749	523.139	440.354	645.820	655.923
345.687	297.901	439.257	646.319	656.412
345.625	404.864	438.164	646.818	656.901
345.563	305.902	437.083	647.317	657.391
345.501	407.955	436.022	647.816	657.880
345.439	459.713	434.990	648.314	658.369
345.377	276.395	433.994	648.812	658.858
345.315	377.867	433.041	649.310	659.348
345.253	285.176	432.138	649.808	659.837
345.191	432.181	431.290	650.305	660.326
345.129	368.995	430.502	650.801	660.815
345.066	499.693	429.778	651.297	661.305
345.004	161.634	429.121	651.791	661.794
344.942	574.696	428.536	652.285	662.283
344.880	321.687	428.023	652.778	662.773
344.818	533.807	427.583	653.270	663.262
344.756	553.419	427.219	653.760	663.751
344.694	391.325	426.930	654.249	664.240
344.632	402.789	426.715	654.737	664.730
344.570	429.967	426.575	655.222	665.219
344.508	335.363	426.507	655.706	665.708
344.446	489.346	426.510	656.188	666.197
344.384	384.550	426.582	656.667	666.687
344.322	307.228	426.721	657.145	667.176
344.259	407.165	426.924	657.621	667.665
344.197	330.298	427.188	658.094	668.154
344.135	440.170	427.510	658.566	668.644
344.073	437.790	427.887	659.037	669.133
344.011	364.363	428.314	659.506	669.622
343.949	469.075	428.788	659.973	670.111
343.887	406.780	429.303	660.441	670.601
343.825	348.364	429.855	660.907	671.090
343.763	408.190	430.437	661.374	671.579
343.701	322.469	431.045	661.841	672.068
343.639	347.386	431.671	662.308	672.558
343.577	314.622	432.309	662.777	673.047
343.514	424.116	432.953	663.246	673.536
343.452	450.515	433.597	663.717	674.025
343.390	398.269	434.234	664.189	674.515
343.328	344.913	434.859	664.663	675.004
343.266	528.990	435.465	665.138	675.493
343.204	441.538	436.048	665.615	675.982
343.142	406.955	436.602	666.093	676.472
343.080	472.781	437.124	666.573	676.961
343.018	375.720	437.611	667.055	677.450
342.956	562.343	438.058	667.538	677.939
342.894	375.197	438.465	668.022	678.429
342.832	446.732	438.829	668.508	678.918
342.770	482.148	439.150	668.996	679.407
342.707	346.992	439.426	669.484	679.896
342.645	327.562	439.659	669.974	680.386
342.583	412.847	439.849	670.466	680.875
342.521	432.631	439.998	670.958	681.364
342.459	422.499	440.108	671.452	681.853
342.397	423.110	440.181	671.947	682.343
342.335	328.602	440.220	672.443	682.832
342.273	525.109	440.230	672.941	683.321
342.211	526.464	440.213	673.440	683.810
342.149	306.510	440.175	673.940	684.300
342.087	356.830	440.120	674.441	684.789
342.025	468.664	440.054	674.944	685.278
341.962	324.027	439.981	675.448	685.767
341.900	381.698	439.908	675.953	686.257
341.838	569.196	439.840	676.460	686.746
341.776	383.667	439.784	676.969	687.235
341.714	427.676	439.745	677.479	687.724
341.652	419.156	439.731	677.991	688.214
341.590	345.775	439.747	678.504	688.703
341.528	563.469	439.799	679.019	689.192
341.466	495.123	439.895	679.535	689.681
341.404	423.093	440.040	680.054	690.171
341.342	294.481	440.240	680.574	690.660
341.280	373.187	440.501	681.095	691.149
341.217	361.259	440.828	681.618	691.638
341.155	376.545	441.226	682.143	692.128
341.093	406.540	441.698	682.669	692.617
341.031	460.689	442.249	683.197	693.106
340.969	347.242	442.881	683.725	693.595
340.907	470.579	443.596	684.255	694.085
340.845	412.459	444.394	684.785	694.574
340.783	422.795	445.275	685.317	695.063
340.721	423.613	446.237	685.848	695.552
340.659	381.787	447.278	686.380	696.042
340.597	420.187	448.394	686.911	696.531
340.535	464.735	449.581	687.442	697.020
340.473	333.457	450.831	687.973	697.509
340.410	272.208	452.137	688.503	697.999
340.348	342.361	453.493	689.033	698.488
340.286	475.550	454.890	689.561	698.977
340.224	395.165	456.318	690.089	699.466
340.162	538.621	457.768	690.616	699.956
340.100	428.278	459.231	691.141	700.445
340.038	382.712	460.696	691.666	700.934
339.976	305.846	462.154	692.189	701.423
339.914	538.535	463.595	692.711	701.913
339.852	306.939	465.010	693.233	702.402
339.790	455.140	466.390	693.753	702.891
339.728	398.181	467.726	694.273	703.380
339.665	407.020	469.011	694.792	703.870
339.603	428.560	470.238	695.310	704.359
339.541	464.428	471.399	695.827	704.848
339.479	440.020	472.489	696.344	705.337
339.417	496.036	473.504	696.861	705.827
339.355	412.397	474.439	697.377	706.316
339.293	468.982	475.290	697.893	706.805
339.231	603.496	476.057	698.408	707.294
339.169	440.022	476.736	698.924	707.784
339.107	523.908	477.327	699.440	708.273
339.045	299.213	477.832	699.955	708.762
338.983	396.832	478.250	700.471	709.251
338.921	406.078	478.584	700.987	709.741
338.858	482.502	478.836	701.503	710.230
338.796	499.771	479.011	702.020	710.719
338.734	451.150	479.112	702.537	711.209
338.672	444.275	479.144	703.054	711.698
338.610	448.089	479.114	703.572	712.187
338.548	546.419	479.026	704.090	712.676
338.486	415.156	478.887	704.608	713.166
338.424	526.911	478.704	705.127	713.655
338.362	431.712	478.484	705.647	714.144
338.300	399.019	478.233	706.167	714.633
338.238	431.820	477.959	706.687	715.123
338.176	406.784	477.669	707.207	715.612
338.113	369.394	477.368	707.728	716.101
338.051	307.273	477.063	708.249	716.590
337.989	457.379	476.761	708.770	717.080
337.927	429.961	476.465	709.291	717.569
337.865	584.282	476.181	709.812	718.058
337.803	342.456	475.912	710.333	718.547
337.741	536.924	475.662	710.854	719.037
337.679	408.716	475.432	711.374	719.526
337.617	264.247	475.223	711.894	720.015
337.555	288.872	475.037	712.413	720.504
337.493	244.530	474.872	712.931	720.994
337.431	506.709	474.728	713.449	721.483
337.369	417.682	474.602	713.967	721.972
337.306	392.241	474.491	714.483	722.461
337.244	359.853	474.392	714.998	722.951
337.182	455.235	474.302	715.513	723.440
337.120	547.567	474.214	716.026	723.929
337.058	513.575	474.125	716.539	724.418
336.996	346.608	474.028	717.050	724.908
336.934	462.232	473.917	717.560	725.397
336.872	541.193	473.788	718.069	725.886
336.810	517.895	473.633	718.577	726.375
336.748	484.109	473.446	719.083	726.865
336.686	448.817	473.221	719.589	727.354
336.624	351.260	472.953	720.093	727.843
336.561	366.913	472.635	720.596	728.332
336.499	523.681	472.261	721.098	728.822
336.437	470.016	471.827	721.598	729.311
336.375	573.167	471.327	722.097	729.800
336.313	422.328	470.758	722.595	730.289
336.251	340.258	470.114	723.091	730.779
336.189	527.881	469.394	723.586	731.268
336.127	356.018	468.595	724.079	731.757
336.065	304.445	467.713	724.571	732.246
336.003	417.486	466.750	725.061	732.736
335.941	408.616	465.703	725.548	733.225
335.879	350.504	464.575	726.034	733.714
335.816	356.922	463.366	726.517	734.203
335.754	532.038	462.079	726.997	734.693
335.692	366.895	460.718	727.473	735.182
335.630	411.771	459.288	727.946	735.671
335.568	360.968	457.797	728.413	736.160
335.506	529.157	456.253	728.875	736.650
335.444	503.711	454.667	729.329	737.139
335.382	554.957	453.055	729.772	737.628
335.320	518.820	451.437	730.203	738.117
335.258	354.395	449.840	730.616	738.607
335.196	450.278	448.301	731.006	739.096
335.134	378.323	446.873	731.365	739.585
335.072	341.274	445.631	731.686	740.074
335.009	548.728	444.668	731.965	740.564
334.947	487.234	444.071	732.212	741.053
334.885	335.195	443.882	732.454	741.542
334.823	411.463	444.059	732.719	742.031
334.761	484.593	444.503	733.024	742.521
334.699	304.990	445.107	733.369	743.010
334.637	559.511	445.786	733.746	743.499
334.575	357.191	446.480	734.149	743.988
334.513	443.674	447.149	734.571	744.478
334.451	375.518	447.766	735.006	744.967
334.389	473.689	448.315	735.452	745.456
334.327	416.065	448.784	735.906	745.945
334.264	462.312	449.164	736.365	746.435
334.202	552.113	449.452	736.829	746.924
334.140	592.351	449.644	737.297	747.413
334.078	342.905	449.741	737.768	747.902
334.016	371.993	449.741	738.242	748.392
333.954	400.903	449.648	738.717	748.881
333.892	531.502	449.463	739.194	749.370
333.830	416.353	449.190	739.672	749.859
333.768	476.787	448.833	740.151	750.349
333.706	549.537	448.395	740.631	750.838
333.644	443.030	447.883	741.112	751.327
333.582	483.723	447.302	741.593	751.816
333.520	409.851	446.657	742.075	752.306
333.457	477.813	445.955	742.557	752.795
333.395	345.417	445.202	743.040	753.284
333.333	357.370	444.405	743.523	753.773
333.271	536.976	443.571	744.005	754.263
333.209	360.103	442.706	744.488	754.752
333.147	369.070	441.816	744.970	755.241
333.085	304.314	440.910	745.452	755.730
333.023	378.573	439.994	745.933	756.220
332.961	491.586	439.074	746.412	756.709
332.899	361.476	438.157	746.889	757.198
332.837	486.592	437.250	747.359	757.687
332.775	294.730	436.359	747.817	758.177
332.712	323.852	435.497	748.233	758.666
332.650	557.544	434.726	748.307	759.155
332.588	451.095	435.964	746.569	759.644
332.526	333.400	438.379	746.856	760.134
332.464	347.006	440.860	747.292	760.623
332.402	471.399	443.369	747.756	761.112
332.340	475.803	445.890	748.229	761.602
332.278	540.755	448.409	748.708	762.091
332.216	454.676	450.912	749.189	762.580
332.154	404.065	453.385	749.672	763.069
332.092	436.601	455.815	750.156	763.559
332.030	441.590	458.189	750.641	764.048
331.968	410.716	460.495	751.126	764.537
331.905	442.075	462.721	751.612	765.026
331.843	560.608	464.856	752.098	765.516
331.781	432.969	466.889	752.584	766.005
331.719	441.414	468.810	753.071	766.494
331.657	402.471	470.611	753.557	766.983
331.595	477.045	472.283	754.044	767.473
331.533	529.320	473.819	754.531	767.962
331.471	451.021	475.214	755.018	768.451
331.409	444.527	476.461	755.505	768.940
331.347	501.582	477.556	755.992	769.430
331.285	388.181	478.497	756.480	769.919
331.223	450.497	479.282	756.967	770.408
331.160	419.237	479.909	757.454	770.897
331.098	338.984	480.379	757.941	771.387
331.036	354.847	480.693	758.428	771.876
330.974	665.874	480.854	758.915	772.365
330.912	531.493	480.864	759.402	772.854
330.850	472.473	480.729	759.889	773.344
330.788	528.301	480.453	760.376	773.833
330.726	485.791	480.043	760.862	774.322
330.664	431.654	479.506	761.348	774.811
330.602	364.417	478.849	761.834	775.301
330.540	471.878	478.082	762.320	775.790
330.478	479.865	477.214	762.804	776.279
330.416	575.192	476.255	763.289	776.768
330.353	452.207	475.215	763.772	777.258
330.291	537.555	474.105	764.255	777.747
330.229	450.718	472.936	764.736	778.236
330.167	452.547	471.720	765.216	778.725
330.105	481.574	470.469	765.694	779.215
330.043	417.530	469.195	766.170	779.704
329.981	457.889	467.910	766.643	780.193
329.919	396.433	466.626	767.112	780.682
329.857	604.107	465.357	767.577	781.172
329.795	517.069	464.115	768.037	781.661
329.733	317.878	462.914	768.490	782.150
329.671	400.283	461.769	768.933	782.639
329.608	373.880	460.695	769.365	783.129
329.546	461.636	459.711	769.783	783.618
329.484	344.323	458.836	770.183	784.107
329.422	356.006	458.095	770.563	784.596
329.360	369.536	457.512	770.920	785.086
329.298	483.083	457.112	771.259	785.575
329.236	396.218	456.911	771.586	786.064
329.174	565.210	456.912	771.914	786.553
329.112	483.221	457.101	772.254	787.043
329.050	344.292	457.453	772.614	787.532
328.988	441.394	457.937	772.999	788.021
328.926	432.080	458.528	773.405	788.510
328.863	461.788	459.203	773.832	789.000
328.801	453.009	459.946	774.274	789.489
328.739	481.898	460.745	774.730	789.978
328.677	446.864	461.591	775.196	790.467
328.615	637.657	462.478	775.670	790.957
328.553	436.904	463.400	776.150	791.446
328.491	397.382	464.351	776.635	791.935
328.429	403.064	465.329	777.124	792.424
328.367	499.943	466.328	777.616	792.914
328.305	390.785	467.344	778.109	793.403
328.243	428.388	468.372	778.604	793.892
328.181	633.275	469.407	779.100	794.381
328.119	426.450	470.445	779.596	794.871
328.056	588.399	471.478	780.091	795.360
327.994	590.280	472.502	780.586	795.849
327.932	293.007	473.509	781.080	796.338
327.870	421.636	474.494	781.572	796.828
327.808	329.719	475.451	782.063	797.317
327.746	398.558	476.373	782.552	797.806
327.684	430.768	477.253	783.040	798.295
327.622	508.973	478.087	783.525	798.785
327.560	546.647	478.869	784.008	799.274
327.498	462.383	479.593	784.488	799.763
327.436	393.168	480.256	784.966	800.252
327.374	519.311	480.855	785.441	800.742
327.311	342.328	481.386	785.914	801.231
327.249	520.213	481.847	786.383	801.720
327.187	647.680	482.240	786.849	802.209
327.125	447.651	482.563	787.311	802.699
327.063	491.093	482.819	787.770	803.188
327.001	421.533	483.011	788.225	803.677
326.939	498.815	483.143	788.677	804.166
326.877	650.821	483.221	789.125	804.656
326.815	492.840	483.253	789.569	805.145
326.753	471.014	483.246	790.009	805.634
326.691	381.837	483.210	790.445	806.123
326.629	422.316	483.155	790.878	806.613
326.567	371.117	483.092	791.308	807.102
326.504	550.764	483.031	791.735	807.591
326.442	539.751	482.983	792.159	808.080
326.380	368.728	482.958	792.582	808.570
326.318	479.633	482.966	793.003	809.059
326.256	475.796	483.013	793.424	809.548
326.194	501.439	483.105	793.845	810.038
326.132	298.454	483.247	794.266	810.527
326.070	512.164	483.440	794.689	811.016
326.008	524.923	483.686	795.113	811.505
325.946	407.188	483.983	795.540	811.994
325.884	486.518	484.329	795.969	812.484
325.822	431.451	484.720	796.400	812.973
325.759	538.000	485.151	796.833	813.462
325.697	571.896	485.618	797.269	813.952
325.635	383.797	486.115	797.708	814.441
325.573	318.430	486.635	798.148	814.930
325.511	470.852	487.173	798.591	815.419
325.449	441.822	487.723	799.036	815.908
325.387	446.047	488.277	799.482	816.398
325.325	378.981	488.831	799.931	816.887
325.263	348.910	489.378	800.380	817.376
325.201	495.397	489.912	800.831	817.866
325.139	427.300	490.428	801.283	818.355
325.077	418.896	490.920	801.736	818.844
325.015	504.095	491.384	802.189	819.333
324.952	428.426	491.813	802.644	819.822
324.890	498.734	492.205	803.098	820.312
324.828	486.224	492.555	803.554	820.801
324.766	482.139	492.859	804.009	821.290
324.704	580.558	493.114	804.465	821.780
324.642	506.232	493.318	804.920	822.269
324.580	442.439	493.468	805.375	822.758
324.518	495.872	493.562	805.830	823.247
324.456	249.567	493.600	806.285	823.736
324.394	326.621	493.580	806.739	824.226
324.332	370.142	493.503	807.193	824.715
324.270	430.947	493.370	807.646	825.204
324.207	383.321	493.181	808.097	825.694
324.145	440.406	492.939	808.548	826.183
324.083	456.085	492.647	808.998	826.672
324.021	486.164	492.307	809.447	827.161
323.959	587.707	491.925	809.894	827.650
323.897	543.928	491.504	810.339	828.140
323.835	552.786	491.050	810.783	828.629
323.773	512.204	490.570	811.225	829.118
323.711	560.780	490.069	811.665	829.607
323.649	433.686	489.557	812.103	830.097
323.587	552.846	489.040	812.539	830.586
323.525	478.688	488.529	812.972	831.075
323.463	438.588	488.030	813.403	831.564
323.400	479.252	487.555	813.831	832.054
323.338	304.147	487.112	814.256	832.543
323.276	475.413	486.712	814.679	833.032
323.214	437.863	486.363	815.100	833.521
323.152	515.953	486.075	815.518	834.011
323.090	372.041	485.855	815.934	834.500
323.028	367.122	485.712	816.348	834.989
322.966	446.438	485.650	816.760	835.478
322.904	678.557	485.674	817.171	835.968
322.842	385.436	485.788	817.581	836.457
322.780	337.823	485.990	817.991	836.946
322.718	433.776	486.281	818.401	837.435
322.655	533.419	486.658	818.811	837.925
322.593	448.829	487.115	819.222	838.414
322.531	464.342	487.646	819.635	838.903
322.469	372.483	488.246	820.049	839.392
322.407	306.430	488.904	820.465	839.882
322.345	430.462	489.613	820.883	840.371
322.283	406.346	490.365	821.303	840.860
322.221	501.116	491.148	821.725	841.349
322.159	653.603	491.957	822.150	841.839
322.097	505.224	492.780	822.576	842.328
322.035	488.095	493.612	823.004	842.817
321.973	433.893	494.443	823.435	843.306
321.911	611.893	495.268	823.867	843.796
321.848	445.933	496.080	824.301	844.285
321.786	561.827	496.872	824.737	844.774
321.724	382.776	497.641	825.175	845.263
321.662	428.668	498.380	825.613	845.753
321.600	443.922	499.087	826.054	846.242
321.538	460.127	499.757	826.495	846.731
321.476	430.015	500.387	826.938	847.220
321.414	489.106	500.976	827.382	847.710
321.352	470.215	501.519	827.827	848.199
321.290	289.169	502.016	828.274	848.688
321.228	468.528	502.465	828.721	849.177
321.166	460.818	502.864	829.169	849.667
321.103	496.307	503.214	829.619	850.156
321.041	425.571	503.513	830.069	850.645
320.979	465.602	503.761	830.521	851.134
320.917	486.870	503.959	830.973	851.624
320.855	488.184	504.106	831.427	852.113
320.793	443.967	504.205	831.881	852.602
320.731	366.191	504.255	832.337	853.091
320.669	481.380	504.258	832.794	853.581
320.607	442.766	504.217	833.252	854.070
320.545	272.819	504.133	833.711	854.559
320.483	475.607	504.010	834.172	855.048
320.421	599.046	503.850	834.634	855.538
320.358	486.834	503.657	835.097	856.027
320.296	524.726	503.435	835.562	856.516
320.234	460.920	503.189	836.028	857.005
320.172	513.781	502.923	836.495	857.495
320.110	488.096	502.644	836.964	857.984
320.048	454.895	502.357	837.435	858.473
319.986	331.526	502.068	837.907	858.962
319.924	376.083	501.786	838.380	859.452
319.862	766.808	501.517	838.855	859.941
319.800	391.306	501.269	839.332	860.430
319.738	519.671	501.051	839.811	860.919
319.676	407.441	500.870	840.291	861.409
319.614	579.780	500.736	840.772	861.898
319.551	450.802	500.657	841.255	862.387
319.489	484.578	500.642	841.740	862.876
319.427	653.436	500.701	842.226	863.366
319.365	513.404	500.841	842.713	863.855
319.303	476.515	501.072	843.202	864.344
319.241	566.200	501.401	843.692	864.833
319.179	442.268	501.835	844.183	865.323
319.117	420.695	502.382	844.675	865.812
319.055	441.852	503.048	845.168	866.301
318.993	421.337	503.838	845.661	866.790
318.931	434.483	504.756	846.155	867.280
318.869	457.675	505.806	846.649	867.769
318.806	486.295	506.989	847.144	868.258
318.744	558.512	508.305	847.638	868.747
318.682	478.403	509.756	848.132	869.237
318.620	422.599	511.339	848.626	869.726
318.558	508.554	513.051	849.119	870.215
318.496	506.514	514.888	849.612	870.704
318.434	383.090	516.845	850.103	871.194
318.372	379.514	518.915	850.594	871.683
318.310	393.144	521.090	851.083	872.172
318.248	500.857	523.363	851.571	872.662
318.186	575.453	525.724	852.057	873.151
318.124	488.865	528.162	852.541	873.640
318.062	477.249	530.667	853.024	874.129
317.999	571.768	533.228	853.505	874.619
317.937	504.878	535.832	853.984	875.108
317.875	439.327	538.467	854.461	875.597
317.813	473.741	541.120	854.935	876.086
317.751	679.063	543.780	855.408	876.576
317.689	618.137	546.433	855.878	877.065
317.627	474.047	549.067	856.346	877.554
317.565	578.039	551.669	856.811	878.043
317.503	408.651	554.227	857.274	878.533
317.441	471.087	556.729	857.735	879.022
317.379	465.178	559.164	858.192	879.511
317.317	513.036	561.520	858.648	880.000
317.254	598.870	563.786	859.101	880.490
317.192	349.740	565.953	859.551	880.979
317.130	597.733	568.011	859.999	881.468
317.068	382.866	569.950	860.445	881.957
317.006	592.679	571.761	860.888	882.447
316.944	513.454	573.436	861.330	882.936
316.882	625.093	574.967	861.769	883.425
316.820	505.384	576.346	862.207	883.914
316.758	389.613	577.564	862.644	884.404
316.696	630.426	578.615	863.079	884.893
316.634	488.945	579.490	863.514	885.382
316.572	622.793	580.183	863.947	885.871
316.510	510.201	580.686	864.381	886.361
316.447	625.157	580.992	864.814	886.850
316.385	570.279	581.096	865.248	887.339
316.323	908.837	580.991	865.682	887.828
316.261	492.526	580.672	866.117	888.318
316.199	576.401	580.134	866.552	888.807
316.137	679.771	579.375	866.989	889.296
316.075	562.345	578.393	867.426	889.785
316.013	610.639	577.185	867.864	890.275
315.951	495.093	575.754	868.303	890.764
315.889	715.665	574.101	868.743	891.253
315.827	705.764	572.229	869.183	891.742
315.765	476.803	570.145	869.624	892.232
315.702	523.662	567.856	870.066	892.721
315.640	446.871	565.369	870.507	893.210
315.578	383.399	562.696	870.949	893.699
315.516	562.787	559.849	871.390	894.189
315.454	732.268	556.842	871.831	894.678
315.392	632.097	553.690	872.271	895.167
315.330	518.739	550.411	872.709	895.656
315.268	572.418	547.023	873.145	896.146
315.206	598.021	543.547	873.579	896.635
315.144	398.024	540.006	874.008	897.124
315.082	531.875	536.424	874.433	897.613
315.020	587.174	532.828	874.852	898.103
314.958	330.676	529.249	875.263	898.592
314.895	427.833	525.722	875.664	899.081
314.833	382.729	522.284	876.052	899.570
314.771	472.406	518.984	876.424	900.060
314.709	413.907	515.877	876.777	900.549
314.647	488.633	513.028	877.107	901.038
314.585	395.446	510.509	877.416	901.527
314.523	393.170	508.392	877.706	902.017
314.461	323.705	506.732	877.989	902.506
314.399	470.515	505.554	878.275	902.995
314.337	512.721	504.844	878.578	903.484
314.275	487.401	504.564	878.903	903.974
314.213	672.606	504.666	879.250	904.463
314.150	565.956	505.101	879.619	904.952
314.088	601.152	505.829	880.006	905.441
314.026	492.602	506.812	880.407	905.931
313.964	538.032	508.022	880.821	906.420
313.902	591.649	509.432	881.243	906.909
313.840	422.648	511.018	881.674	907.398
313.778	494.411	512.757	882.110	907.888
313.716	499.470	514.628	882.551	908.377
313.654	503.925	516.609	882.996	908.866
313.592	510.440	518.679	883.445	909.355
313.530	537.550	520.816	883.896	909.845
313.468	468.048	522.999	884.349	910.334
313.405	430.191	525.207	884.804	910.823
313.343	522.988	527.417	885.261	911.312
313.281	404.661	529.607	885.719	911.802
313.219	722.557	531.758	886.177	912.291
313.157	578.540	533.846	886.636	912.780
313.095	332.129	535.852	887.096	913.269
313.033	621.108	537.755	887.556	913.759
312.971	428.610	539.537	888.015	914.248
312.909	568.361	541.178	888.475	914.737
312.847	476.372	542.661	888.934	915.226
312.785	534.233	543.971	889.393	915.716
312.723	540.558	545.092	889.850	916.205
312.661	460.021	546.012	890.306	916.694
312.598	407.919	546.720	890.761	917.183
312.536	525.534	547.207	891.213	917.673
312.474	488.036	547.467	891.662	918.162
312.412	516.388	547.495	892.108	918.651
312.350	486.654	547.292	892.550	919.140
312.288	641.723	546.860	892.985	919.630
312.226	518.591	546.208	893.413	920.119
312.164	490.854	545.351	893.831	920.608
312.102	617.786	544.312	894.235	921.098
312.040	483.188	543.128	894.621	921.587
311.978	404.025	541.855	894.982	922.076
311.916	448.083	540.575	895.311	922.565
311.853	614.907	539.404	895.601	923.055
311.791	579.870	538.492	895.850	923.544
311.729	649.853	537.981	896.074	924.033
311.667	600.933	537.937	896.301	924.522
311.605	477.163	538.317	896.556	925.012
311.543	600.357	539.009	896.852	925.501
311.481	559.849	539.888	897.186	925.990
311.419	529.136	540.861	897.551	926.479
311.357	414.056	541.858	897.940	926.969
311.295	564.177	542.836	898.346	927.458
311.233	634.454	543.767	898.765	927.947
311.171	546.032	544.633	899.193	928.436
311.109	514.641	545.421	899.629	928.926
311.046	533.282	546.125	900.070	929.415
310.984	404.627	546.742	900.516	929.904
310.922	428.589	547.271	900.965	930.393
310.860	397.900	547.713	901.416	930.883
310.798	416.317	548.069	901.870	931.372
310.736	553.069	548.342	902.325	931.861
310.674	243.835	548.538	902.782	932.350
310.612	631.245	548.659	903.239	932.840
310.550	459.151	548.710	903.697	933.329
310.488	602.575	548.698	904.156	933.818
310.426	672.487	548.626	904.615	934.307
310.364	457.923	548.501	905.074	934.797
310.301	584.447	548.327	905.533	935.286
310.239	453.332	548.111	905.991	935.775
310.177	512.992	547.856	906.450	936.264
310.115	571.413	547.569	906.908	936.754
310.053	562.389	547.254	907.366	937.243
309.991	653.227	546.916	907.823	937.732
309.929	395.044	546.559	908.279	938.221
309.867	355.025	546.188	908.735	938.711
309.805	450.421	545.806	909.189	939.200
309.743	616.583	545.418	909.643	939.689
309.681	517.235	545.027	910.095	940.178
309.619	477.891	544.637	910.546	940.668
309.557	537.321	544.251	910.995	941.157
309.494	382.137	543.873	911.443	941.646
309.432	620.907	543.505	911.889	942.135
309.370	478.829	543.151	912.333	942.625
309.308	427.496	542.815	912.776	943.114
309.246	451.640	542.499	913.216	943.603
309.184	414.973	542.206	913.654	944.092
309.122	381.470	541.941	914.089	944.582
309.060	437.553	541.707	914.522	945.071
308.998	486.000	541.506	914.953	945.560
308.936	477.408	541.342	915.381	946.049
308.874	537.363	541.218	915.807	946.539
308.812	504.780	541.136	916.230	947.028
308.749	632.363	541.098	916.650	947.517
308.687	504.404	541.104	917.069	948.006
308.625	432.434	541.156	917.485	948.496
308.563	535.949	541.250	917.900	948.985
308.501	463.629	541.385	918.313	949.474
308.439	583.327	541.557	918.726	949.963
308.377	459.001	541.761	919.138	950.453
308.315	499.674	541.988	919.549	950.942
308.253	480.347	542.232	919.961	951.431
308.191	541.495	542.483	920.373	951.920
308.129	400.042	542.733	920.786	952.410
308.067	330.741	542.972	921.200	952.899
308.005	545.946	543.191	921.616	953.388
307.942	663.972	543.383	922.033	953.877
307.880	638.078	543.539	922.451	954.367
307.818	479.916	543.655	922.871	954.856
307.756	533.339	543.727	923.293	955.345
307.694	625.119	543.751	923.716	955.834
307.632	548.269	543.727	924.140	956.324
307.570	645.744	543.657	924.565	956.813
307.508	407.327	543.544	924.992	957.302
307.446	573.178	543.391	925.419	957.791
307.384	598.730	543.206	925.847	958.281
307.322	443.197	542.995	926.275	958.770
307.260	634.668	542.768	926.704	959.259
307.197	437.059	542.535	927.132	959.748
307.135	391.012	542.306	927.560	960.238
307.073	402.638	542.092	927.988	960.727
307.011	494.169	541.906	928.415	961.216
306.949	646.888	541.760	928.840	961.705
306.887	459.237	541.664	929.265	962.195
306.825	647.703	541.632	929.688	962.684
306.763	633.558	541.673	930.110	963.173
306.701	448.267	541.799	930.530	963.662
306.639	571.949	542.019	930.947	964.152
306.577	497.397	542.341	931.362	964.641
306.515	566.326	542.771	931.774	965.130
306.452	502.411	543.316	932.183	965.619
306.390	521.991	543.978	932.589	966.109
306.328	543.366	544.760	932.991	966.598
306.266	579.944	545.661	933.390	967.087
306.204	603.924	546.679	933.783	967.576
306.142	488.748	547.809	934.173	968.066
306.080	398.378	549.047	934.557	968.555
306.018	462.239	550.385	934.935	969.044
305.956	439.231	551.814	935.307	969.533
305.894	551.382	553.326	935.672	970.023
305.832	490.967	554.913	936.029	970.512
305.770	582.450	556.566	936.377	971.001
305.708	500.545	558.281	936.715	971.491
305.645	490.468	560.054	937.044	971.980
305.583	464.887	561.885	937.362	972.469
305.521	554.312	563.777	937.672	972.958
305.459	545.197	565.732	937.976	973.448
305.397	575.975	567.748	938.278	973.937
305.335	632.081	569.819	938.582	974.426
305.273	481.616	571.930	938.892	974.915
305.211	735.560	574.057	939.213	975.405
305.149	512.144	576.170	939.546	975.894
305.087	622.215	578.236	939.892	976.383
305.025	494.369	580.218	940.251	976.872
304.963	533.373	582.081	940.623	977.362
304.900	510.515	583.790	941.005	977.851
304.838	557.146	585.313	941.398	978.340
304.776	675.644	586.619	941.800	978.829
304.714	591.432	587.678	942.209	979.319
304.652	466.485	588.465	942.625	979.808
304.590	584.845	588.953	943.047	980.297
304.528	578.437	589.120	943.474	980.786
304.466	346.834	588.944	943.906	981.276
304.404	612.060	588.406	944.342	981.765
304.342	474.945	587.487	944.781	982.254
304.280	375.462	586.174	945.224	982.743
304.218	671.504	584.452	945.669	983.233
304.156	565.862	582.311	946.117	983.722
304.093	475.794	579.742	946.567	984.211
304.031	524.384	576.738	947.020	984.700
303.969	490.480	573.297	947.474	985.190
303.907	494.485	569.415	947.930	985.679
303.845	450.847	565.094	948.387	986.168
303.783	609.407	560.337	948.846	986.657
303.721	665.587	555.151	949.307	987.147
303.659	597.459	549.542	949.768	987.636
303.597	396.976	543.523	950.231	988.125
303.535	450.183	537.105	950.695	988.614
303.473	490.663	530.303	951.159	989.104
303.411	474.144	523.136	951.625	989.593
303.348	583.972	515.621	952.091	990.082
303.286	532.575	507.780	952.558	990.571
303.224	545.669	499.637	953.025	991.061
303.162	515.442	491.215	953.493	991.550
303.100	610.487	482.540	953.962	992.039
303.038	553.773	473.639	954.431	992.528
302.976	486.793	464.542	954.901	993.018
302.914	554.519	455.276	955.371	993.507
302.852	532.121	445.873	955.842	993.996
302.790	409.379	436.362	956.313	994.485
302.728	330.040	426.774	956.784	994.975
302.666	321.325	417.140	957.255	995.464
